ALA 0.0851 0.0851 0.0638 0.1277 0.0638 0.0638 0.0426
CYS 0.0000 0.0000 0.0000 0.0426 0.0000 0.0000 0.0000
GLU 0.0851 0.0851 0.2128 0.0000 0.2766 0.3830 0.2128
ASP 0.0213 0.1489 0.1064 0.0213 0.0000 0.0426 0.0426
GLY 0.0000 0.0426 0.0000 0.0000 0.0000 0.0000 0.0213
PHE 0.0213 0.0000 0.0000 0.0638 0.0426 0.0213 0.0000
ILE 0.1064 0.0426 0.0213 0.0213 0.0000 0.0213 0.0638
HIS 0.0000 0.0000 0.0638 0.0000 0.0000 0.0426 0.0426
LYS 0.0638 0.1702 0.1915 0.1277 0.0638 0.1064 0.1277
MET 0.0426 0.0000 0.0213 0.0213 0.0426 0.0000 0.0213
LEU 0.2766 0.0851 0.0000 0.4043 0.1915 0.0213 0.0851
ASN 0.0426 0.0426 0.0426 0.0000 0.0213 0.0000 0.0213
GLN 0.0213 0.0638 0.1277 0.0426 0.1064 0.0638 0.1277
PRO 0.0000 0.0213 0.0000 0.0000 0.0000 0.0000 0.0000
SER 0.0426 0.0426 0.0426 0.0000 0.0000 0.0638 0.0000
ARG 0.0213 0.0000 0.0851 0.0213 0.1064 0.0851 0.1277
THR 0.0000 0.0426 0.0213 0.0000 0.0000 0.0426 0.0000
TRP 0.0000 0.0000 0.0000 0.0000 0.0000 0.0000 0.0000
VAL 0.1064 0.0638 0.0000 0.0638 0.0638 0.0000 0.0426
TYR 0.0638 0.0638 0.0000 0.0426 0.0213 0.0426 0.0213
