ALA 0.0000 0.0000 0.0000 0.0000 0.0000 0.3333 0.0000
CYS 0.0000 0.0000 0.0000 0.0000 0.0000 0.0000 0.0000
GLU 0.0000 0.0000 0.6667 0.0000 0.0000 0.0000 0.3333
ASP 0.0000 0.3333 0.0000 0.0000 0.0000 0.0000 0.0000
GLY 0.0000 0.0000 0.0000 0.0000 0.0000 0.0000 0.0000
PHE 0.0000 0.0000 0.0000 0.0000 0.0000 0.0000 0.0000
ILE 0.6667 0.0000 0.0000 0.0000 0.0000 0.0000 0.3333
HIS 0.0000 0.0000 0.0000 0.0000 0.0000 0.3333 0.0000
LYS 0.0000 0.3333 0.0000 0.0000 0.0000 0.0000 0.3333
MET 0.0000 0.0000 0.0000 0.0000 0.0000 0.0000 0.0000
LEU 0.3333 0.0000 0.0000 0.0000 0.3333 0.0000 0.0000
ASN 0.0000 0.0000 0.0000 0.0000 0.0000 0.3333 0.0000
GLN 0.0000 0.0000 0.3333 0.3333 0.3333 0.0000 0.0000
PRO 0.0000 0.0000 0.0000 0.0000 0.0000 0.0000 0.0000
SER 0.0000 0.3333 0.0000 0.0000 0.0000 0.0000 0.0000
ARG 0.0000 0.0000 0.0000 0.0000 0.3333 0.0000 0.0000
THR 0.0000 0.0000 0.0000 0.3333 0.0000 0.0000 0.0000
TRP 0.0000 0.0000 0.0000 0.0000 0.0000 0.0000 0.0000
VAL 0.0000 0.0000 0.0000 0.3333 0.0000 0.0000 0.0000
TYR 0.0000 0.0000 0.0000 0.0000 0.0000 0.0000 0.0000
