ALA 0.0824 0.1566 0.0141 0.0188 0.1150 0.0918 0.0178
CYS 0.0000 0.0000 0.0000 0.0000 0.0000 0.0000 0.0000
GLU 0.0244 0.1104 0.1299 0.0000 0.2466 0.1641 0.2729
ASP 0.0000 0.0665 0.0263 0.0000 0.0000 0.0989 0.0659
GLY 0.0000 0.0000 0.0000 0.0000 0.0000 0.0000 0.0510
PHE 0.0000 0.0000 0.0000 0.0000 0.0000 0.0000 0.0000
ILE 0.1080 0.0301 0.0000 0.0000 0.0302 0.0000 0.0000
HIS 0.0000 0.0000 0.1231 0.0000 0.0000 0.0000 0.0000
LYS 0.0525 0.0884 0.0232 0.0240 0.0883 0.0883 0.2047
MET 0.0000 0.0000 0.1744 0.2979 0.0000 0.0000 0.0000
LEU 0.1330 0.0185 0.0291 0.4938 0.0368 0.0184 0.0000
ASN 0.2465 0.1578 0.0309 0.0000 0.0000 0.1570 0.0000
GLN 0.0397 0.0439 0.2080 0.0000 0.1755 0.0438 0.1313
PRO 0.0000 0.0000 0.0282 0.0286 0.0000 0.0000 0.0000
SER 0.0220 0.0983 0.0000 0.0195 0.0243 0.1220 0.0000
ARG 0.0250 0.0676 0.0531 0.0273 0.1689 0.1013 0.1686
THR 0.0275 0.0306 0.0972 0.0247 0.0616 0.0616 0.0614
TRP 0.0000 0.0000 0.0000 0.0000 0.0000 0.0000 0.0000
VAL 0.1904 0.0266 0.0627 0.0214 0.0528 0.0527 0.0264
TYR 0.0488 0.1046 0.0000 0.0441 0.0000 0.0000 0.0000
