A 1.42 1.48 1.28 1.55 0.69 1.04 1.98
C  0    0     0  0.59   0  1.19  0
D 0.09 1.06 1.71 0.56 1.37 1.75 0.25
E 0.54 1.32 1.75 1.31 1.45 1.76 1.23
F 0.84 0.51 0.85 0.96 0.80 0.96 0.64
G  0   0.72 0.81 0.07 0.48 0.38 0.19
H 1.09 1.56 0.31 0.44 0.88 1.47 3.79
I 2.87 0.48 0.24 1.60 1.59 0.79 1.12
K 0.33 2.24 1.52 0.41 1.22 1.55 0.66
L 2.96 1.04 1.33 3.64 1.31 0.35 1.11
M 1.45 1.18 0.59 1.65 0.83 0.83 1.93
N 0.88 1.58 0.94 0.22 0.44 1.78 0.59
P  0    0   0.28   0  0.27   0   0
Q 0.86 1.23 1.75 0.74 1.99 1.16 2.30
R 0.66 1.36 1.48 0.47 2.55 1.78 1.14
S 1.03 0.78 0.58 0.28 0.37 0.83 0.83
T 0.61 1.23 0.73 0.61 0.58 1.39 1.15
V 0.51 0.21 0.53 0.37 0.61 0.41 0.99
W  0   0.56 2.24 0.31 0.53 0.53 0.53
Y 1.23 0.66 0.44 1.69 0.82 0.41 0.20
