0 0.0
1 0.00292101529132
2 0.00584258417214
3 0.00876470706212
4 0.0116873843813
5 0.0146106165502
6 0.0175344039896
7 0.0204587471209
8 0.0233836463655
9 0.0263091021457
10 0.0292351148839
11 0.0321616850029
12 0.035088812926
13 0.0380164990768
14 0.0409447438795
15 0.0438735477584
16 0.0468029111385
17 0.0497328344451
18 0.0526633181037
19 0.0555943625405
20 0.058525968182
21 0.0614581354551
22 0.064390864787
23 0.0673241566056
24 0.0702580113388
25 0.0731924294152
26 0.0761274112637
27 0.0790629573138
28 0.081999067995
29 0.0849357437376
30 0.0878729849722
31 0.0908107921296
32 0.0937491656414
33 0.0966881059392
34 0.0996276134554
35 0.102567688622
36 0.105508331873
37 0.108449543642
38 0.111391324362
39 0.114333674467
40 0.117276594392
41 0.120220084573
42 0.123164145444
43 0.126108777443
44 0.129053981004
45 0.131999756565
46 0.134946104564
47 0.137893025437
48 0.140840519623
49 0.143788587559
50 0.146737229686
51 0.149686446442
52 0.152636238267
53 0.155586605602
54 0.158537548885
55 0.16148906856
56 0.164441165066
57 0.167393838846
58 0.170347090342
59 0.173300919996
60 0.176255328253
61 0.179210315554
62 0.182165882345
63 0.185122029069
64 0.188078756172
65 0.191036064098
66 0.193993953293
67 0.196952424203
68 0.199911477275
69 0.202871112955
70 0.205831331692
71 0.208792133932
72 0.211753520123
73 0.214715490716
74 0.217678046158
75 0.220641186899
76 0.223604913389
77 0.226569226078
78 0.229534125418
79 0.232499611859
80 0.235465685853
81 0.238432347852
82 0.241399598308
83 0.244367437676
84 0.247335866407
85 0.250304884956
86 0.253274493778
87 0.256244693326
88 0.259215484056
89 0.262186866424
90 0.265158840886
91 0.268131407897
92 0.271104567916
93 0.274078321398
94 0.277052668803
95 0.280027610589
96 0.283003147213
97 0.285979279135
98 0.288956006815
99 0.291933330713
100 0.294911251289
101 0.297889769004
102 0.300868884319
103 0.303848597697
104 0.306828909599
105 0.309809820487
106 0.312791330826
107 0.315773441079
108 0.31875615171
109 0.321739463182
110 0.324723375962
111 0.327707890514
112 0.330693007305
113 0.3336787268
114 0.336665049466
115 0.339651975771
116 0.342639506182
117 0.345627641167
118 0.348616381194
119 0.351605726733
120 0.354595678254
121 0.357586236225
122 0.360577401117
123 0.363569173402
124 0.36656155355
125 0.369554542033
126 0.372548139323
127 0.375542345894
128 0.378537162217
129 0.381532588766
130 0.384528626017
131 0.387525274442
132 0.390522534517
133 0.393520406717
134 0.396518891519
135 0.399517989398
136 0.402517700831
137 0.405518026296
138 0.40851896627
139 0.411520521231
140 0.414522691659
141 0.417525478031
142 0.420528880828
143 0.42353290053
144 0.426537537617
145 0.429542792571
146 0.432548665872
147 0.435555158002
148 0.438562269445
149 0.441570000682
150 0.444578352197
151 0.447587324474
152 0.450596917997
153 0.453607133251
154 0.456617970722
155 0.459629430893
156 0.462641514253
157 0.465654221288
158 0.468667552483
159 0.471681508329
160 0.474696089311
161 0.477711295919
162 0.480727128642
163 0.48374358797
164 0.486760674391
165 0.489778388398
166 0.492796730479
167 0.495815701128
168 0.498835300836
169 0.501855530095
170 0.504876389399
171 0.507897879239
172 0.510920000111
173 0.513942752509
174 0.516966136927
175 0.51999015386
176 0.523014803805
177 0.526040087257
178 0.529066004714
179 0.532092556673
180 0.53511974363
181 0.538147566085
182 0.541176024536
183 0.544205119482
184 0.547234851424
185 0.55026522086
186 0.553296228292
187 0.55632787422
188 0.559360159148
189 0.562393083575
190 0.565426648006
191 0.568460852943
192 0.57149569889
193 0.574531186351
194 0.57756731583
195 0.580604087833
196 0.583641502865
197 0.586679561432
198 0.589718264041
199 0.592757611199
200 0.595797603413
201 0.598838241192
202 0.601879525044
203 0.604921455478
204 0.607964033004
205 0.611007258131
206 0.614051131371
207 0.617095653235
208 0.620140824233
209 0.623186644879
210 0.626233115684
211 0.629280237162
212 0.632328009826
213 0.635376434191
214 0.638425510771
215 0.641475240082
216 0.644525622638
217 0.647576658956
218 0.650628349553
219 0.653680694946
220 0.656733695652
221 0.65978735219
222 0.662841665079
223 0.665896634837
224 0.668952261985
225 0.672008547042
226 0.675065490529
227 0.678123092968
228 0.681181354881
229 0.684240276789
230 0.687299859216
231 0.690360102685
232 0.693421007719
233 0.696482574844
234 0.699544804584
235 0.702607697464
236 0.70567125401
237 0.708735474749
238 0.711800360208
239 0.714865910915
240 0.717932127396
241 0.720999010182
242 0.724066559801
243 0.727134776782
244 0.730203661655
245 0.733273214953
246 0.736343437204
247 0.739414328942
248 0.742485890698
249 0.745558123006
250 0.748631026398
251 0.751704601409
252 0.754778848572
253 0.757853768422
254 0.760929361496
255 0.764005628329
256 0.767082569457
257 0.770160185418
258 0.773238476748
259 0.776317443987
260 0.779397087672
261 0.782477408344
262 0.785558406541
263 0.788640082804
264 0.791722437673
265 0.79480547169
266 0.797889185398
267 0.800973579337
268 0.804058654051
269 0.807144410084
270 0.81023084798
271 0.813317968283
272 0.816405771538
273 0.819494258291
274 0.822583429088
275 0.825673284477
276 0.828763825003
277 0.831855051215
278 0.834946963662
279 0.838039562892
280 0.841132849455
281 0.8442268239
282 0.847321486779
283 0.850416838643
284 0.853512880043
285 0.856609611531
286 0.859707033661
287 0.862805146985
288 0.865903952058
289 0.869003449433
290 0.872103639667
291 0.875204523314
292 0.878306100931
293 0.881408373074
294 0.884511340301
295 0.887615003169
296 0.890719362236
297 0.893824418063
298 0.896930171207
299 0.90003662223
300 0.903143771691
301 0.906251620153
302 0.909360168176
303 0.912469416323
304 0.915579365156
305 0.91869001524
306 0.921801367138
307 0.924913421415
308 0.928026178636
309 0.931139639366
310 0.934253804172
311 0.937368673621
312 0.94048424828
313 0.943600528717
314 0.9467175155
315 0.9498352092
316 0.952953610384
317 0.956072719624
318 0.959192537491
319 0.962313064556
320 0.965434301391
321 0.968556248568
322 0.97167890666
323 0.974802276242
324 0.977926357888
325 0.981051152172
326 0.984176659671
327 0.987302880959
328 0.990429816614
329 0.993557467213
330 0.996685833333
331 0.999814915554
332 1.00294471445
333 1.00607523061
334 1.00920646461
335 1.01233841702
336 1.01547108844
337 1.01860447944
338 1.02173859061
339 1.02487342252
340 1.02800897576
341 1.03114525092
342 1.03428224858
343 1.03741996933
344 1.04055841375
345 1.04369758243
346 1.04683747596
347 1.04997809492
348 1.0531194399
349 1.05626151149
350 1.05940431028
351 1.06254783687
352 1.06569209184
353 1.06883707578
354 1.07198278928
355 1.07512923295
356 1.07827640736
357 1.08142431312
358 1.08457295082
359 1.08772232106
360 1.09087242442
361 1.09402326151
362 1.09717483293
363 1.10032713926
364 1.10348018111
365 1.10663395909
366 1.10978847377
367 1.11294372578
368 1.1160997157
369 1.11925644413
370 1.12241391169
371 1.12557211897
372 1.12873106657
373 1.13189075511
374 1.13505118517
375 1.13821235738
376 1.14137427232
377 1.14453693062
378 1.14770033287
379 1.15086447968
380 1.15402937166
381 1.15719500943
382 1.16036139358
383 1.16352852472
384 1.16669640348
385 1.16986503046
386 1.17303440626
387 1.17620453151
388 1.17937540682
389 1.18254703279
390 1.18571941005
391 1.18889253921
392 1.19206642088
393 1.19524105568
394 1.19841644423
395 1.20159258713
396 1.20476948503
397 1.20794713852
398 1.21112554823
399 1.21430471477
400 1.21748463878
401 1.22066532087
402 1.22384676166
403 1.22702896177
404 1.23021192184
405 1.23339564247
406 1.2365801243
407 1.23976536794
408 1.24295137404
409 1.2461381432
410 1.24932567607
411 1.25251397326
412 1.2557030354
413 1.25889286313
414 1.26208345707
415 1.26527481785
416 1.2684669461
417 1.27165984246
418 1.27485350756
419 1.27804794202
420 1.28124314649
421 1.28443912159
422 1.28763586796
423 1.29083338624
424 1.29403167706
425 1.29723074106
426 1.30043057888
427 1.30363119115
428 1.30683257851
429 1.3100347416
430 1.31323768106
431 1.31644139754
432 1.31964589167
433 1.32285116409
434 1.32605721545
435 1.32926404639
436 1.33247165756
437 1.33568004959
438 1.33888922314
439 1.34209917884
440 1.34530991736
441 1.34852143932
442 1.35173374539
443 1.3549468362
444 1.35816071242
445 1.36137537468
446 1.36459082364
447 1.36780705996
448 1.37102408427
449 1.37424189724
450 1.37746049952
451 1.38067989175
452 1.38390007461
453 1.38712104873
454 1.39034281479
455 1.39356537342
456 1.3967887253
457 1.40001287108
458 1.40323781141
459 1.40646354696
460 1.40969007839
461 1.41291740636
462 1.41614553153
463 1.41937445455
464 1.4226041761
465 1.42583469684
466 1.42906601743
467 1.43229813854
468 1.43553106082
469 1.43876478496
470 1.44199931161
471 1.44523464144
472 1.44847077512
473 1.45170771333
474 1.45494545672
475 1.45818400597
476 1.46142336175
477 1.46466352474
478 1.4679044956
479 1.47114627501
480 1.47438886364
481 1.47763226216
482 1.48087647126
483 1.48412149161
484 1.48736732388
485 1.49061396875
486 1.4938614269
487 1.49710969901
488 1.50035878576
489 1.50360868783
490 1.5068594059
491 1.51011094065
492 1.51336329276
493 1.51661646292
494 1.5198704518
495 1.52312526011
496 1.52638088851
497 1.5296373377
498 1.53289460836
499 1.53615270118
500 1.53941161685
501 1.54267135605
502 1.54593191948
503 1.54919330783
504 1.55245552178
505 1.55571856204
506 1.55898242928
507 1.56224712421
508 1.56551264752
509 1.5687789999
510 1.57204618205
511 1.57531419466
512 1.57858303844
513 1.58185271407
514 1.58512322226
515 1.58839456371
516 1.59166673911
517 1.59493974917
518 1.59821359458
519 1.60148827605
520 1.60476379429
521 1.60804014999
522 1.61131734386
523 1.6145953766
524 1.61787424892
525 1.62115396153
526 1.62443451513
527 1.62771591044
528 1.63099814815
529 1.63428122898
530 1.63756515364
531 1.64084992284
532 1.64413553729
533 1.6474219977
534 1.65070930479
535 1.65399745928
536 1.65728646186
537 1.66057631327
538 1.66386701421
539 1.66715856541
540 1.67045096758
541 1.67374422143
542 1.6770383277
543 1.68033328709
544 1.68362910033
545 1.68692576814
546 1.69022329125
547 1.69352167037
548 1.69682090622
549 1.70012099954
550 1.70342195105
551 1.70672376148
552 1.71002643154
553 1.71332996198
554 1.71663435351
555 1.71993960687
556 1.72324572278
557 1.72655270198
558 1.7298605452
559 1.73316925317
560 1.73647882662
561 1.73978926628
562 1.7431005729
563 1.74641274721
564 1.74972578993
565 1.75303970182
566 1.7563544836
567 1.75967013602
568 1.76298665981
569 1.76630405572
570 1.76962232448
571 1.77294146684
572 1.77626148354
573 1.77958237531
574 1.78290414292
575 1.78622678709
576 1.78955030858
577 1.79287470814
578 1.7961999865
579 1.79952614442
580 1.80285318264
581 1.80618110192
582 1.80950990301
583 1.81283958665
584 1.8161701536
585 1.81950160461
586 1.82283394043
587 1.82616716182
588 1.82950126954
589 1.83283626434
590 1.83617214697
591 1.83950891819
592 1.84284657877
593 1.84618512946
594 1.84952457102
595 1.85286490421
596 1.85620612979
597 1.85954824853
598 1.86289126119
599 1.86623516852
600 1.86957997131
601 1.87292567031
602 1.87627226629
603 1.87961976001
604 1.88296815225
605 1.88631744377
606 1.88966763535
607 1.89301872774
608 1.89637072174
609 1.8997236181
610 1.9030774176
611 1.90643212101
612 1.90978772911
613 1.91314424268
614 1.91650166248
615 1.9198599893
616 1.92321922392
617 1.92657936712
618 1.92994041966
619 1.93330238234
620 1.93666525594
621 1.94002904123
622 1.943393739
623 1.94675935004
624 1.95012587513
625 1.95349331505
626 1.95686167059
627 1.96023094255
628 1.96360113169
629 1.96697223883
630 1.97034426473
631 1.97371721021
632 1.97709107604
633 1.98046586302
634 1.98384157194
635 1.9872182036
636 1.99059575879
637 1.9939742383
638 1.99735364294
639 2.00073397351
640 2.00411523079
641 2.00749741559
642 2.0108805287
643 2.01426457094
644 2.0176495431
645 2.02103544598
646 2.02442228039
647 2.02781004713
648 2.03119874701
649 2.03458838083
650 2.0379789494
651 2.04137045353
652 2.04476289402
653 2.04815627169
654 2.05155058735
655 2.0549458418
656 2.05834203586
657 2.06173917035
658 2.06513724607
659 2.06853626385
660 2.07193622449
661 2.07533712882
662 2.07873897764
663 2.08214177179
664 2.08554551208
665 2.08895019933
666 2.09235583435
667 2.09576241798
668 2.09916995103
669 2.10257843434
670 2.10598786871
671 2.10939825499
672 2.11280959399
673 2.11622188654
674 2.11963513347
675 2.12304933562
676 2.1264644938
677 2.12988060885
678 2.13329768161
679 2.1367157129
680 2.14013470356
681 2.14355465442
682 2.14697556632
683 2.1503974401
684 2.15382027659
685 2.15724407663
686 2.16066884105
687 2.16409457071
688 2.16752126644
689 2.17094892908
690 2.17437755948
691 2.17780715847
692 2.18123772691
693 2.18466926563
694 2.18810177549
695 2.19153525733
696 2.194969712
697 2.19840514036
698 2.20184154324
699 2.2052789215
700 2.208717276
701 2.21215660758
702 2.2155969171
703 2.21903820541
704 2.22248047337
705 2.22592372184
706 2.22936795168
707 2.23281316373
708 2.23625935887
709 2.23970653795
710 2.24315470184
711 2.24660385139
712 2.25005398747
713 2.25350511094
714 2.25695722267
715 2.26041032352
716 2.26386441437
717 2.26731949607
718 2.27077556951
719 2.27423263554
720 2.27769069504
721 2.28114974888
722 2.28460979793
723 2.28807084307
724 2.29153288518
725 2.29499592512
726 2.29845996377
727 2.30192500201
728 2.30539104073
729 2.30885808079
730 2.31232612308
731 2.31579516848
732 2.31926521788
733 2.32273627215
734 2.32620833218
735 2.32968139886
736 2.33315547308
737 2.33663055571
738 2.34010664764
739 2.34358374978
740 2.347061863
741 2.3505409882
742 2.35402112627
743 2.35750227811
744 2.3609844446
745 2.36446762664
746 2.36795182513
747 2.37143704097
748 2.37492327505
749 2.37841052827
750 2.38189880154
751 2.38538809575
752 2.3888784118
753 2.3923697506
754 2.39586211306
755 2.39935550007
756 2.40284991255
757 2.40634535139
758 2.40984181752
759 2.41333931183
760 2.41683783524
761 2.42033738866
762 2.423837973
763 2.42733958917
764 2.43084223809
765 2.43434592067
766 2.43785063783
767 2.44135639049
768 2.44486317955
769 2.44837100596
770 2.45187987061
771 2.45538977444
772 2.45890071837
773 2.46241270331
774 2.4659257302
775 2.46943979996
776 2.47295491351
777 2.47647107179
778 2.47998827572
779 2.48350652622
780 2.48702582424
781 2.4905461707
782 2.49406756654
783 2.49759001268
784 2.50111351006
785 2.50463805963
786 2.50816366231
787 2.51169031904
788 2.51521803076
789 2.51874679841
790 2.52227662293
791 2.52580750527
792 2.52933944637
793 2.53287244716
794 2.5364065086
795 2.53994163163
796 2.5434778172
797 2.54701506626
798 2.55055337975
799 2.55409275863
800 2.55763320385
801 2.56117471636
802 2.56471729711
803 2.56826094706
804 2.57180566716
805 2.57535145837
806 2.57889832165
807 2.58244625796
808 2.58599526825
809 2.58954535349
810 2.59309651464
811 2.59664875267
812 2.60020206853
813 2.60375646319
814 2.60731193762
815 2.61086849279
816 2.61442612966
817 2.61798484921
818 2.6215446524
819 2.62510554021
820 2.62866751361
821 2.63223057357
822 2.63579472107
823 2.63935995708
824 2.64292628258
825 2.64649369856
826 2.65006220598
827 2.65363180584
828 2.65720249911
829 2.66077428677
830 2.66434716981
831 2.66792114921
832 2.67149622596
833 2.67507240105
834 2.67864967546
835 2.68222805019
836 2.68580752622
837 2.68938810455
838 2.69296978617
839 2.69655257207
840 2.70013646324
841 2.7037214607
842 2.70730756542
843 2.71089477841
844 2.71448310067
845 2.7180725332
846 2.721663077
847 2.72525473307
848 2.72884750243
849 2.73244138606
850 2.73603638499
851 2.73963250021
852 2.74322973273
853 2.74682808357
854 2.75042755374
855 2.75402814424
856 2.7576298561
857 2.76123269032
858 2.76483664792
859 2.76844172991
860 2.77204793732
861 2.77565527117
862 2.77926373246
863 2.78287332223
864 2.7864840415
865 2.79009589129
866 2.79370887262
867 2.79732298652
868 2.80093823402
869 2.80455461615
870 2.80817213393
871 2.81179078839
872 2.81541058057
873 2.8190315115
874 2.82265358222
875 2.82627679375
876 2.82990114714
877 2.83352664342
878 2.83715328363
879 2.84078106881
880 2.84441
881 2.84804007825
882 2.85167130459
883 2.85530368007
884 2.85893720575
885 2.86257188265
886 2.86620771184
887 2.86984469437
888 2.87348283127
889 2.87712212361
890 2.88076257243
891 2.8844041788
892 2.88804694376
893 2.89169086838
894 2.8953359537
895 2.8989822008
896 2.90262961072
897 2.90627818454
898 2.90992792331
899 2.91357882809
900 2.91723089996
901 2.92088413998
902 2.92453854922
903 2.92819412873
904 2.93185087961
905 2.93550880291
906 2.9391678997
907 2.94282817107
908 2.94648961808
909 2.95015224182
910 2.95381604335
911 2.95748102376
912 2.96114718413
913 2.96481452554
914 2.96848304907
915 2.9721527558
916 2.97582364682
917 2.97949572322
918 2.98316898608
919 2.98684343648
920 2.99051907553
921 2.99419590431
922 2.9978739239
923 3.00155313542
924 3.00523353994
925 3.00891513858
926 3.01259793241
927 3.01628192255
928 3.01996711009
929 3.02365349613
930 3.02734108177
931 3.03102986813
932 3.0347198563
933 3.03841104738
934 3.04210344249
935 3.04579704274
936 3.04949184923
937 3.05318786308
938 3.0568850854
939 3.06058351729
940 3.06428315989
941 3.06798401429
942 3.07168608163
943 3.07538936302
944 3.07909385957
945 3.08279957242
946 3.08650650268
947 3.09021465148
948 3.09392401994
949 3.09763460919
950 3.10134642035
951 3.10505945457
952 3.10877371296
953 3.11248919665
954 3.1162059068
955 3.11992384451
956 3.12364301094
957 3.12736340722
958 3.13108503448
959 3.13480789387
960 3.13853198653
961 3.1422573136
962 3.14598387622
963 3.14971167555
964 3.15344071271
965 3.15717098887
966 3.16090250518
967 3.16463526277
968 3.16836926281
969 3.17210450644
970 3.17584099483
971 3.17957872912
972 3.18331771047
973 3.18705794005
974 3.190799419
975 3.1945421485
976 3.19828612971
977 3.20203136378
978 3.20577785189
979 3.20952559519
980 3.21327459487
981 3.21702485208
982 3.220776368
983 3.22452914379
984 3.22828318064
985 3.23203847972
986 3.2357950422
987 3.23955286925
988 3.24331196207
989 3.24707232183
990 3.2508339497
991 3.25459684688
992 3.25836101455
993 3.26212645389
994 3.26589316609
995 3.26966115234
996 3.27343041382
997 3.27720095174
998 3.28097276727
999 3.28474586163
1000 3.28852023599
1001 3.29229589156
1002 3.29607282953
1003 3.29985105111
1004 3.3036305575
1005 3.30741134989
1006 3.3111934295
1007 3.31497679752
1008 3.31876145517
1009 3.32254740364
1010 3.32633464416
1011 3.33012317793
1012 3.33391300616
1013 3.33770413008
1014 3.34149655088
1015 3.34529026979
1016 3.34908528803
1017 3.35288160681
1018 3.35667922737
1019 3.36047815091
1020 3.36427837866
1021 3.36807991185
1022 3.3718827517
1023 3.37568689945
1024 3.37949235632
1025 3.38329912354
1026 3.38710720234
1027 3.39091659396
1028 3.39472729964
1029 3.39853932061
1030 3.4023526581
1031 3.40616731336
1032 3.40998328763
1033 3.41380058215
1034 3.41761919817
1035 3.42143913692
1036 3.42526039966
1037 3.42908298764
1038 3.4329069021
1039 3.4367321443
1040 3.44055871549
1041 3.44438661692
1042 3.44821584985
1043 3.45204641554
1044 3.45587831524
1045 3.45971155022
1046 3.46354612173
1047 3.46738203104
1048 3.47121927942
1049 3.47505786813
1050 3.47889779843
1051 3.48273907161
1052 3.48658168892
1053 3.49042565164
1054 3.49427096104
1055 3.4981176184
1056 3.501965625
1057 3.50581498211
1058 3.50966569101
1059 3.51351775299
1060 3.51737116933
1061 3.5212259413
1062 3.5250820702
1063 3.52893955732
1064 3.53279840394
1065 3.53665861135
1066 3.54052018085
1067 3.54438311372
1068 3.54824741127
1069 3.55211307479
1070 3.55598010557
1071 3.55984850493
1072 3.56371827415
1073 3.56758941454
1074 3.57146192741
1075 3.57533581405
1076 3.57921107579
1077 3.58308771392
1078 3.58696572976
1079 3.59084512462
1080 3.59472589981
1081 3.59860805665
1082 3.60249159646
1083 3.60637652054
1084 3.61026283023
1085 3.61415052685
1086 3.61803961171
1087 3.62193008614
1088 3.62582195147
1089 3.62971520902
1090 3.63360986013
1091 3.63750590612
1092 3.64140334833
1093 3.64530218809
1094 3.64920242674
1095 3.65310406561
1096 3.65700710604
1097 3.66091154938
1098 3.66481739697
1099 3.66872465014
1100 3.67263331025
1101 3.67654337864
1102 3.68045485666
1103 3.68436774566
1104 3.68828204699
1105 3.692197762
1106 3.69611489205
1107 3.7000334385
1108 3.70395340271
1109 3.70787478603
1110 3.71179758982
1111 3.71572181545
1112 3.71964746429
1113 3.7235745377
1114 3.72750303704
1115 3.73143296369
1116 3.73536431902
1117 3.7392971044
1118 3.7432313212
1119 3.74716697081
1120 3.7511040546
1121 3.75504257395
1122 3.75898253023
1123 3.76292392485
1124 3.76686675916
1125 3.77081103458
1126 3.77475675247
1127 3.77870391424
1128 3.78265252127
1129 3.78660257496
1130 3.79055407669
1131 3.79450702787
1132 3.7984614299
1133 3.80241728417
1134 3.80637459208
1135 3.81033335504
1136 3.81429357446
1137 3.81825525173
1138 3.82221838827
1139 3.82618298549
1140 3.8301490448
1141 3.8341165676
1142 3.83808555533
1143 3.84205600938
1144 3.84602793119
1145 3.85000132217
1146 3.85397618374
1147 3.85795251733
1148 3.86193032436
1149 3.86590960626
1150 3.86989036445
1151 3.87387260037
1152 3.87785631545
1153 3.88184151113
1154 3.88582818883
1155 3.88981635
1156 3.89380599607
1157 3.89779712849
1158 3.9017897487
1159 3.90578385814
1160 3.90977945826
1161 3.91377655051
1162 3.91777513633
1163 3.92177521718
1164 3.92577679451
1165 3.92977986978
1166 3.93378444444
1167 3.93779051994
1168 3.94179809776
1169 3.94580717935
1170 3.94981776618
1171 3.95382985971
1172 3.9578434614
1173 3.96185857274
1174 3.96587519518
1175 3.9698933302
1176 3.97391297929
1177 3.9779341439
1178 3.98195682552
1179 3.98598102563
1180 3.99000674571
1181 3.99403398725
1182 3.99806275173
1183 4.00209304064
1184 4.00612485546
1185 4.01015819769
1186 4.01419306881
1187 4.01822947033
1188 4.02226740375
1189 4.02630687055
1190 4.03034787223
1191 4.03439041031
1192 4.03843448628
1193 4.04248010164
1194 4.04652725792
1195 4.0505759566
1196 4.05462619921
1197 4.05867798726
1198 4.06273132227
1199 4.06678620574
1200 4.07084263919
1201 4.07490062416
1202 4.07896016216
1203 4.0830212547
1204 4.08708390333
1205 4.09114810957
1206 4.09521387494
1207 4.09928120097
1208 4.10335008921
1209 4.10742054119
1210 4.11149255844
1211 4.1155661425
1212 4.11964129491
1213 4.12371801722
1214 4.12779631097
1215 4.1318761777
1216 4.13595761897
1217 4.14004063632
1218 4.14412523132
1219 4.1482114055
1220 4.15229916043
1221 4.15638849767
1222 4.16047941877
1223 4.1645719253
1224 4.16866601882
1225 4.1727617009
1226 4.1768589731
1227 4.180957837
1228 4.18505829416
1229 4.18916034616
1230 4.19326399458
1231 4.19736924098
1232 4.20147608696
1233 4.20558453408
1234 4.20969458395
1235 4.21380623813
1236 4.21791949822
1237 4.2220343658
1238 4.22615084248
1239 4.23026892983
1240 4.23438862946
1241 4.23850994296
1242 4.24263287193
1243 4.24675741797
1244 4.25088358268
1245 4.25501136768
1246 4.25914077456
1247 4.26327180494
1248 4.26740446042
1249 4.27153874262
1250 4.27567465316
1251 4.27981219364
1252 4.28395136569
1253 4.28809217094
1254 4.29223461099
1255 4.29637868748
1256 4.30052440204
1257 4.30467175629
1258 4.30882075187
1259 4.3129713904
1260 4.31712367353
1261 4.32127760288
1262 4.3254331801
1263 4.32959040683
1264 4.33374928472
1265 4.3379098154
1266 4.34207200052
1267 4.34623584174
1268 4.35040134071
1269 4.35456849907
1270 4.35873731849
1271 4.36290780063
1272 4.36707994713
1273 4.37125375966
1274 4.3754292399
1275 4.37960638949
1276 4.38378521012
1277 4.38796570345
1278 4.39214787115
1279 4.39633171489
1280 4.40051723636
1281 4.40470443724
1282 4.40889331919
1283 4.41308388391
1284 4.41727613307
1285 4.42147006838
1286 4.42566569151
1287 4.42986300415
1288 4.434062008
1289 4.43826270476
1290 4.44246509612
1291 4.44666918378
1292 4.45087496944
1293 4.45508245481
1294 4.45929164159
1295 4.46350253149
1296 4.46771512622
1297 4.4719294275
1298 4.47614543703
1299 4.48036315653
1300 4.48458258773
1301 4.48880373235
1302 4.49302659209
1303 4.49725116871
1304 4.50147746391
1305 4.50570547942
1306 4.509935217
1307 4.51416667835
1308 4.51839986523
1309 4.52263477936
1310 4.5268714225
1311 4.53110979638
1312 4.53534990274
1313 4.53959174334
1314 4.54383531993
1315 4.54808063424
1316 4.55232768805
1317 4.55657648311
1318 4.56082702116
1319 4.56507930399
1320 4.56933333333
1321 4.57358911097
1322 4.57784663867
1323 4.58210591819
1324 4.58636695132
1325 4.59062973981
1326 4.59489428546
1327 4.59916059003
1328 4.60342865531
1329 4.60769848308
1330 4.61197007513
1331 4.61624343323
1332 4.6205185592
1333 4.6247954548
1334 4.62907412184
1335 4.63335456212
1336 4.63763677743
1337 4.64192076958
1338 4.64620654036
1339 4.65049409158
1340 4.65478342506
1341 4.6590745426
1342 4.66336744601
1343 4.6676621371
1344 4.67195861771
1345 4.67625688963
1346 4.6805569547
1347 4.68485881474
1348 4.68916247158
1349 4.69346792704
1350 4.69777518296
1351 4.70208424116
1352 4.70639510349
1353 4.71070777179
1354 4.71502224788
1355 4.71933853362
1356 4.72365663084
1357 4.72797654141
1358 4.73229826716
1359 4.73662180995
1360 4.74094717163
1361 4.74527435407
1362 4.74960335911
1363 4.75393418862
1364 4.75826684446
1365 4.76260132851
1366 4.76693764262
1367 4.77127578868
1368 4.77561576855
1369 4.7799575841
1370 4.78430123723
1371 4.7886467298
1372 4.7929940637
1373 4.79734324082
1374 4.80169426305
1375 4.80604713227
1376 4.81040185037
1377 4.81475841926
1378 4.81911684082
1379 4.82347711697
1380 4.8278392496
1381 4.83220324061
1382 4.83656909192
1383 4.84093680543
1384 4.84530638306
1385 4.84967782672
1386 4.85405113832
1387 4.85842631979
1388 4.86280337306
1389 4.86718230003
1390 4.87156310265
1391 4.87594578283
1392 4.88033034252
1393 4.88471678364
1394 4.88910510814
1395 4.89349531795
1396 4.89788741501
1397 4.90228140127
1398 4.90667727868
1399 4.91107504918
1400 4.91547471473
1401 4.91987627728
1402 4.92427973879
1403 4.92868510122
1404 4.93309236652
1405 4.93750153667
1406 4.94191261363
1407 4.94632559937
1408 4.95074049587
1409 4.95515730509
1410 4.95957602902
1411 4.96399666963
1412 4.96841922891
1413 4.97284370884
1414 4.97727011141
1415 4.9816984386
1416 4.98612869243
1417 4.99056087486
1418 4.99499498792
1419 4.99943103359
1420 5.00386901387
1421 5.00830893078
1422 5.01275078633
1423 5.01719458251
1424 5.02164032135
1425 5.02608800487
1426 5.03053763507
1427 5.03498921399
1428 5.03944274364
1429 5.04389822606
1430 5.04835566327
1431 5.0528150573
1432 5.05727641018
1433 5.06173972397
1434 5.06620500068
1435 5.07067224238
1436 5.07514145109
1437 5.07961262887
1438 5.08408577778
1439 5.08856089985
1440 5.09303799716
1441 5.09751707175
1442 5.10199812569
1443 5.10648116104
1444 5.11096617987
1445 5.11545318424
1446 5.11994217623
1447 5.12443315792
1448 5.12892613138
1449 5.13342109868
1450 5.13791806192
1451 5.14241702318
1452 5.14691798454
1453 5.1514209481
1454 5.15592591595
1455 5.16043289019
1456 5.16494187291
1457 5.16945286622
1458 5.17396587223
1459 5.17848089303
1460 5.18299793074
1461 5.18751698747
1462 5.19203806535
1463 5.19656116647
1464 5.20108629298
1465 5.20561344698
1466 5.21014263061
1467 5.214673846
1468 5.21920709528
1469 5.22374238058
1470 5.22827970405
1471 5.23281906782
1472 5.23736047403
1473 5.24190392484
1474 5.24644942238
1475 5.25099696882
1476 5.25554656631
1477 5.26009821701
1478 5.26465192307
1479 5.26920768666
1480 5.27376550995
1481 5.2783253951
1482 5.28288734429
1483 5.28745135968
1484 5.29201744347
1485 5.29658559783
1486 5.30115582493
1487 5.30572812698
1488 5.31030250615
1489 5.31487896465
1490 5.31945750465
1491 5.32403812837
1492 5.32862083801
1493 5.33320563575
1494 5.33779252382
1495 5.34238150443
1496 5.34697257977
1497 5.35156575208
1498 5.35616102356
1499 5.36075839644
1500 5.36535787295
1501 5.3699594553
1502 5.37456314573
1503 5.37916894648
1504 5.38377685977
1505 5.38838688785
1506 5.39299903296
1507 5.39761329734
1508 5.40222968324
1509 5.40684819292
1510 5.41146882861
1511 5.41609159259
1512 5.42071648712
1513 5.42534351444
1514 5.42997267684
1515 5.43460397657
1516 5.43923741591
1517 5.44387299714
1518 5.44851072253
1519 5.45315059436
1520 5.45779261492
1521 5.4624367865
1522 5.46708311137
1523 5.47173159184
1524 5.47638223021
1525 5.48103502877
1526 5.48568998981
1527 5.49034711566
1528 5.49500640862
1529 5.49966787099
1530 5.50433150509
1531 5.50899731324
1532 5.51366529777
1533 5.51833546099
1534 5.52300780522
1535 5.52768233281
1536 5.53235904608
1537 5.53703794737
1538 5.54171903902
1539 5.54640232337
1540 5.55108780277
1541 5.55577547956
1542 5.5604653561
1543 5.56515743474
1544 5.56985171783
1545 5.57454820775
1546 5.57924690686
1547 5.58394781752
1548 5.5886509421
1549 5.59335628297
1550 5.59806384252
1551 5.60277362313
1552 5.60748562717
1553 5.61219985704
1554 5.61691631512
1555 5.62163500381
1556 5.62635592551
1557 5.6310790826
1558 5.6358044775
1559 5.64053211262
1560 5.64526199035
1561 5.64999411312
1562 5.65472848333
1563 5.65946510342
1564 5.66420397579
1565 5.66894510288
1566 5.67368848711
1567 5.67843413092
1568 5.68318203674
1569 5.68793220701
1570 5.69268464417
1571 5.69743935066
1572 5.70219632895
1573 5.70695558146
1574 5.71171711067
1575 5.71648091903
1576 5.721247009
1577 5.72601538305
1578 5.73078604364
1579 5.73555899325
1580 5.74033423434
1581 5.74511176941
1582 5.74989160093
1583 5.75467373139
1584 5.75945816327
1585 5.76424489906
1586 5.76903394127
1587 5.77382529238
1588 5.77861895491
1589 5.78341493136
1590 5.78821322423
1591 5.79301383603
1592 5.79781676929
1593 5.80262202653
1594 5.80742961025
1595 5.812239523
1596 5.8170517673
1597 5.82186634567
1598 5.82668326067
1599 5.83150251482
1600 5.83632411067
1601 5.84114805077
1602 5.84597433766
1603 5.85080297391
1604 5.85563396206
1605 5.86046730467
1606 5.86530300432
1607 5.87014106356
1608 5.87498148498
1609 5.87982427113
1610 5.88466942461
1611 5.88951694798
1612 5.89436684384
1613 5.89921911478
1614 5.90407376338
1615 5.90893079225
1616 5.91379020397
1617 5.91865200116
1618 5.92351618641
1619 5.92838276235
1620 5.93325173157
1621 5.93812309671
1622 5.94299686037
1623 5.94787302518
1624 5.95275159378
1625 5.95763256878
1626 5.96251595284
1627 5.96740174857
1628 5.97228995863
1629 5.97718058566
1630 5.98207363231
1631 5.98696910124
1632 5.99186699509
1633 5.99676731653
1634 6.00167006823
1635 6.00657525284
1636 6.01148287305
1637 6.01639293152
1638 6.02130543094
1639 6.02622037398
1640 6.03113776334
1641 6.03605760169
1642 6.04097989174
1643 6.04590463618
1644 6.05083183771
1645 6.05576149904
1646 6.06069362287
1647 6.06562821192
1648 6.0705652689
1649 6.07550479652
1650 6.08044679752
1651 6.08539127462
1652 6.09033823055
1653 6.09528766804
1654 6.10023958983
1655 6.10519399867
1656 6.11015089729
1657 6.11511028845
1658 6.1200721749
1659 6.1250365594
1660 6.13000344471
1661 6.1349728336
1662 6.13994472882
1663 6.14491913316
1664 6.14989604938
1665 6.15487548028
1666 6.15985742862
1667 6.16484189721
1668 6.16982888883
1669 6.17481840627
1670 6.17981045235
1671 6.18480502985
1672 6.18980214158
1673 6.19480179036
1674 6.19980397901
1675 6.20480871033
1676 6.20981598716
1677 6.21482581231
1678 6.21983818862
1679 6.22485311892
1680 6.22987060606
1681 6.23489065287
1682 6.2399132622
1683 6.2449384369
1684 6.24996617982
1685 6.25499649382
1686 6.26002938176
1687 6.26506484652
1688 6.27010289095
1689 6.27514351793
1690 6.28018673035
1691 6.28523253108
1692 6.29028092301
1693 6.29533190902
1694 6.30038549202
1695 6.3054416749
1696 6.31050046056
1697 6.31556185191
1698 6.32062585186
1699 6.32569246332
1700 6.33076168921
1701 6.33583353246
1702 6.34090799599
1703 6.34598508272
1704 6.35106479561
1705 6.35614713757
1706 6.36123211157
1707 6.36631972054
1708 6.37140996743
1709 6.3765028552
1710 6.38159838681
1711 6.38669656523
1712 6.39179739342
1713 6.39690087435
1714 6.402007011
1715 6.40711580634
1716 6.41222726337
1717 6.41734138508
1718 6.42245817444
1719 6.42757763447
1720 6.43269976817
1721 6.43782457852
1722 6.44295206856
1723 6.44808224129
1724 6.45321509973
1725 6.4583506469
1726 6.46348888583
1727 6.46862981955
1728 6.47377345109
1729 6.4789197835
1730 6.48406881981
1731 6.48922056308
1732 6.49437501636
1733 6.4995321827
1734 6.50469206517
1735 6.50985466683
1736 6.51501999074
1737 6.52018804
1738 6.52535881766
1739 6.53053232681
1740 6.53570857055
1741 6.54088755196
1742 6.54606927414
1743 6.55125374019
1744 6.5564409532
1745 6.5616309163
1746 6.5668236326
1747 6.5720191052
1748 6.57721733724
1749 6.58241833184
1750 6.58762209213
1751 6.59282862125
1752 6.59803792233
1753 6.60324999852
1754 6.60846485297
1755 6.61368248884
1756 6.61890290927
1757 6.62412611743
1758 6.62935211649
1759 6.63458090963
1760 6.6398125
1761 6.6450468908
1762 6.65028408521
1763 6.65552408641
1764 6.66076689761
1765 6.666012522
1766 6.67126096278
1767 6.67651222316
1768 6.68176630636
1769 6.68702321558
1770 6.69228295405
1771 6.69754552499
1772 6.70281093164
1773 6.70807917723
1774 6.713350265
1775 6.71862419819
1776 6.72390098006
1777 6.72918061385
1778 6.73446310282
1779 6.73974845024
1780 6.74503665937
1781 6.75032773349
1782 6.75562167586
1783 6.76091848978
1784 6.76621817853
1785 6.7715207454
1786 6.77682619369
1787 6.78213452669
1788 6.7874457477
1789 6.79275986005
1790 6.79807686705
1791 6.803396772
1792 6.80871957824
1793 6.8140452891
1794 6.8193739079
1795 6.824705438
1796 6.83003988272
1797 6.83537724542
1798 6.84071752945
1799 6.84606073817
1800 6.85140687493
1801 6.85675594312
1802 6.86210794609
1803 6.86746288722
1804 6.87282076991
1805 6.87818159753
1806 6.88354537347
1807 6.88891210113
1808 6.89428178391
1809 6.89965442523
1810 6.90503002848
1811 6.91040859708
1812 6.91579013446
1813 6.92117464404
1814 6.92656212926
1815 6.93195259354
1816 6.93734604033
1817 6.94274247307
1818 6.94814189521
1819 6.95354431021
1820 6.95894972154
1821 6.96435813265
1822 6.96976954701
1823 6.9751839681
1824 6.98060139941
1825 6.98602184441
1826 6.9914453066
1827 6.99687178948
1828 7.00230129654
1829 7.00773383128
1830 7.01316939723
1831 7.0186079979
1832 7.0240496368
1833 7.02949431747
1834 7.03494204343
1835 7.04039281822
1836 7.04584664539
1837 7.05130352848
1838 7.05676347103
1839 7.06222647662
1840 7.0676925488
1841 7.07316169113
1842 7.0786339072
1843 7.08410920057
1844 7.08958757484
1845 7.09506903359
1846 7.10055358041
1847 7.1060412189
1848 7.11153195266
1849 7.11702578531
1850 7.12252272046
1851 7.12802276173
1852 7.13352591274
1853 7.13903217713
1854 7.14454155852
1855 7.15005406057
1856 7.15556968691
1857 7.1610884412
1858 7.1666103271
1859 7.17213534826
1860 7.17766350835
1861 7.18319481105
1862 7.18872926004
1863 7.194266859
1864 7.19980761162
1865 7.20535152158
1866 7.2108985926
1867 7.21644882838
1868 7.22200223263
1869 7.22755880906
1870 7.23311856139
1871 7.23868149336
1872 7.2442476087
1873 7.24981691114
1874 7.25538940442
1875 7.26096509231
1876 7.26654397854
1877 7.27212606688
1878 7.2777113611
1879 7.28329986497
1880 7.28889158226
1881 7.29448651675
1882 7.30008467224
1883 7.30568605252
1884 7.31129066138
1885 7.31689850264
1886 7.32250958009
1887 7.32812389756
1888 7.33374145887
1889 7.33936226784
1890 7.34498632831
1891 7.35061364411
1892 7.35624421909
1893 7.3618780571
1894 7.367515162
1895 7.37315553764
1896 7.3787991879
1897 7.38444611663
1898 7.39009632773
1899 7.39574982508
1900 7.40140661256
1901 7.40706669407
1902 7.41273007352
1903 7.41839675481
1904 7.42406674184
1905 7.42974003855
1906 7.43541664886
1907 7.44109657668
1908 7.44677982597
1909 7.45246640066
1910 7.45815630471
1911 7.46384954205
1912 7.46954611666
1913 7.4752460325
1914 7.48094929354
1915 7.48665590376
1916 7.49236586713
1917 7.49807918766
1918 7.50379586932
1919 7.50951591613
1920 7.5152393321
1921 7.52096612122
1922 7.52669628753
1923 7.53242983505
1924 7.5381667678
1925 7.54390708983
1926 7.54965080517
1927 7.55539791788
1928 7.56114843201
1929 7.56690235163
1930 7.57265968079
1931 7.57842042357
1932 7.58418458405
1933 7.58995216631
1934 7.59572317446
1935 7.60149761257
1936 7.60727548476
1937 7.61305679514
1938 7.61884154783
1939 7.62462974693
1940 7.63042139659
1941 7.63621650094
1942 7.64201506411
1943 7.64781709026
1944 7.65362258353
1945 7.65943154809
1946 7.6652439881
1947 7.67105990773
1948 7.67687931116
1949 7.68270220258
1950 7.68852858617
1951 7.69435846614
1952 7.70019184667
1953 7.706028732
1954 7.71186912632
1955 7.71771303386
1956 7.72356045886
1957 7.72941140554
1958 7.73526587814
1959 7.74112388092
1960 7.74698541812
1961 7.75285049402
1962 7.75871911286
1963 7.76459127894
1964 7.77046699652
1965 7.77634626989
1966 7.78222910335
1967 7.78811550119
1968 7.79400546772
1969 7.79989900725
1970 7.80579612411
1971 7.81169682261
1972 7.81760110708
1973 7.82350898187
1974 7.82942045132
1975 7.83533551978
1976 7.84125419161
1977 7.84717647117
1978 7.85310236284
1979 7.85903187099
1980 7.864965
1981 7.87090175427
1982 7.87684213819
1983 7.88278615618
1984 7.88873381263
1985 7.89468511197
1986 7.90064005862
1987 7.90659865701
1988 7.91256091159
1989 7.91852682679
1990 7.92449640706
1991 7.93046965687
1992 7.93644658068
1993 7.94242718296
1994 7.94841146818
1995 7.95439944085
1996 7.96039110543
1997 7.96638646645
1998 7.97238552839
1999 7.97838829578
2000 7.98439477313
2001 7.99040496497
2002 7.99641887584
2003 8.00243651027
2004 8.0084578728
2005 8.01448296801
2006 8.02051180044
2007 8.02654437466
2008 8.03258069525
2009 8.03862076679
2010 8.04466459387
2011 8.05071218109
2012 8.05676353304
2013 8.06281865435
2014 8.06887754962
2015 8.07494022348
2016 8.08100668056
2017 8.0870769255
2018 8.09315096295
2019 8.09922879756
2020 8.10531043398
2021 8.11139587689
2022 8.11748513096
2023 8.12357820087
2024 8.12967509131
2025 8.13577580697
2026 8.14188035256
2027 8.14798873279
2028 8.15410095237
2029 8.16021701604
2030 8.16633692851
2031 8.17246069454
2032 8.17858831886
2033 8.18471980623
2034 8.19085516142
2035 8.19699438918
2036 8.20313749431
2037 8.20928448157
2038 8.21543535576
2039 8.22159012168
2040 8.22774878414
2041 8.23391134794
2042 8.24007781791
2043 8.24624819887
2044 8.25242249566
2045 8.25860071312
2046 8.2647828561
2047 8.27096892946
2048 8.27715893807
2049 8.2833528868
2050 8.28955078052
2051 8.29575262412
2052 8.30195842251
2053 8.30816818058
2054 8.31438190325
2055 8.32059959542
2056 8.32682126203
2057 8.33304690802
2058 8.33927653831
2059 8.34551015787
2060 8.35174777164
2061 8.35798938459
2062 8.3642350017
2063 8.37048462793
2064 8.37673826829
2065 8.38299592776
2066 8.38925761135
2067 8.39552332407
2068 8.40179307093
2069 8.40806685697
2070 8.41434468721
2071 8.4206265667
2072 8.42691250049
2073 8.43320249363
2074 8.4394965512
2075 8.44579467825
2076 8.45209687989
2077 8.45840316119
2078 8.46471352725
2079 8.47102798318
2080 8.47734653409
2081 8.4836691851
2082 8.48999594134
2083 8.49632680795
2084 8.50266179008
2085 8.50900089287
2086 8.51534412149
2087 8.5216914811
2088 8.52804297689
2089 8.53439861404
2090 8.54075839774
2091 8.5471223332
2092 8.55349042562
2093 8.55986268023
2094 8.56623910225
2095 8.57261969692
2096 8.57900446947
2097 8.58539342516
2098 8.59178656925
2099 8.59818390701
2100 8.6045854437
2101 8.61099118463
2102 8.61740113507
2103 8.62381530033
2104 8.63023368572
2105 8.63665629656
2106 8.64308313816
2107 8.64951421588
2108 8.65594953504
2109 8.662389101
2110 8.66883291913
2111 8.67528099478
2112 8.68173333333
2113 8.68818994018
2114 8.6946508207
2115 8.70111598032
2116 8.70758542442
2117 8.71405915844
2118 8.72053718781
2119 8.72701951795
2120 8.73350615432
2121 8.73999710236
2122 8.74649236754
2123 8.75299195533
2124 8.75949587121
2125 8.76600412067
2126 8.7725167092
2127 8.77903364231
2128 8.78555492552
2129 8.79208056434
2130 8.79861056432
2131 8.80514493098
2132 8.81168366988
2133 8.81822678658
2134 8.82477428664
2135 8.83132617564
2136 8.83788245917
2137 8.84444314282
2138 8.85100823218
2139 8.85757773288
2140 8.86415165054
2141 8.87072999077
2142 8.87731275923
2143 8.88389996155
2144 8.8904916034
2145 8.89708769044
2146 8.90368822835
2147 8.9102932228
2148 8.91690267949
2149 8.92351660412
2150 8.93013500241
2151 8.93675788007
2152 8.94338524283
2153 8.95001709643
2154 8.95665344662
2155 8.96329429915
2156 8.96993965979
2157 8.97658953431
2158 8.98324392851
2159 8.98990284816
2160 8.99656629909
2161 9.00323428708
2162 9.00990681798
2163 9.01658389761
2164 9.0232655318
2165 9.02995172642
2166 9.03664248731
2167 9.04333782035
2168 9.05003773141
2169 9.05674222638
2170 9.06345131116
2171 9.07016499166
2172 9.07688327378
2173 9.08360616346
2174 9.09033366663
2175 9.09706578923
2176 9.10380253722
2177 9.11054391656
2178 9.11728993323
2179 9.1240405932
2180 9.13079590247
2181 9.13755586704
2182 9.14432049292
2183 9.15108978614
2184 9.15786375272
2185 9.16464239871
2186 9.17142573016
2187 9.17821375312
2188 9.18500647367
2189 9.19180389789
2190 9.19860603186
2191 9.2054128817
2192 9.21222445349
2193 9.21904075338
2194 9.22586178748
2195 9.23268756193
2196 9.23951808289
2197 9.24635335651
2198 9.25319338897
2199 9.26003818643
2200 9.2668877551
2201 9.27374210117
2202 9.28060123085
2203 9.28746515036
2204 9.29433386593
2205 9.30120738379
2206 9.30808571021
2207 9.31496885144
2208 9.32185681374
2209 9.32874960341
2210 9.33564722672
2211 9.34254968999
2212 9.34945699952
2213 9.35636916164
2214 9.36328618267
2215 9.37020806896
2216 9.37713482687
2217 9.38406646274
2218 9.39100298297
2219 9.39794439392
2220 9.404890702
2221 9.41184191361
2222 9.41879803517
2223 9.4257590731
2224 9.43272503383
2225 9.43969592381
2226 9.44667174951
2227 9.45365251739
2228 9.46063823392
2229 9.4676289056
2230 9.47462453892
2231 9.4816251404
2232 9.48863071655
2233 9.49564127392
2234 9.50265681903
2235 9.50967735845
2236 9.51670289873
2237 9.52373344646
2238 9.53076900821
2239 9.53780959059
2240 9.5448552002
2241 9.55190584366
2242 9.5589615276
2243 9.56602225865
2244 9.57308804348
2245 9.58015888873
2246 9.58723480109
2247 9.59431578724
2248 9.60140185386
2249 9.60849300768
2250 9.6155892554
2251 9.62269060375
2252 9.62979705947
2253 9.63690862932
2254 9.64402532005
2255 9.65114713843
2256 9.65827409125
2257 9.66540618531
2258 9.67254342741
2259 9.67968582436
2260 9.68683338301
2261 9.69398611017
2262 9.70114401272
2263 9.70830709751
2264 9.71547537141
2265 9.72264884132
2266 9.72982751412
2267 9.73701139673
2268 9.74420049606
2269 9.75139481905
2270 9.75859437264
2271 9.76579916379
2272 9.77300919945
2273 9.78022448662
2274 9.78744503227
2275 9.79467084341
2276 9.80190192705
2277 9.80913829021
2278 9.81637993994
2279 9.82362688327
2280 9.83087912727
2281 9.83813667901
2282 9.84539954557
2283 9.85266773405
2284 9.85994125155
2285 9.86722010519
2286 9.8745043021
2287 9.88179384943
2288 9.88908875433
2289 9.89638902395
2290 9.90369466549
2291 9.91100568614
2292 9.91832209308
2293 9.92564389355
2294 9.93297109476
2295 9.94030370395
2296 9.94764172838
2297 9.9549851753
2298 9.96233405199
2299 9.96968836575
2300 9.97704812386
2301 9.98441333364
2302 9.99178400241
2303 9.99916013751
2304 10.0065417463
2305 10.0139288361
2306 10.0213214143
2307 10.0287194884
2308 10.0361230656
2309 10.0435321534
2310 10.0509467593
2311 10.0583668906
2312 10.0657925548
2313 10.0732237594
2314 10.0806605119
2315 10.0881028196
2316 10.0955506902
2317 10.1030041312
2318 10.11046315
2319 10.1179277542
2320 10.1253979514
2321 10.1328737491
2322 10.1403551548
2323 10.1478421763
2324 10.155334821
2325 10.1628330966
2326 10.1703370107
2327 10.1778465709
2328 10.185361785
2329 10.1928826605
2330 10.2004092052
2331 10.2079414268
2332 10.2154793328
2333 10.2230229311
2334 10.2305722294
2335 10.2381272355
2336 10.245687957
2337 10.2532544018
2338 10.2608265776
2339 10.2684044923
2340 10.2759881536
2341 10.2835775694
2342 10.2911727475
2343 10.2987736957
2344 10.306380422
2345 10.3139929341
2346 10.32161124
2347 10.3292353477
2348 10.3368652649
2349 10.3445009996
2350 10.3521425598
2351 10.3597899535
2352 10.3674431885
2353 10.375102273
2354 10.3827672148
2355 10.390438022
2356 10.3981147026
2357 10.4057972647
2358 10.4134857163
2359 10.4211800655
2360 10.4288803204
2361 10.436586489
2362 10.4442985794
2363 10.4520165999
2364 10.4597405584
2365 10.4674704632
2366 10.4752063225
2367 10.4829481444
2368 10.490695937
2369 10.4984497087
2370 10.5062094676
2371 10.513975222
2372 10.52174698
2373 10.5295247501
2374 10.5373085404
2375 10.5450983592
2376 10.5528942149
2377 10.5606961157
2378 10.5685040701
2379 10.5763180862
2380 10.5841381726
2381 10.5919643376
2382 10.5997965896
2383 10.6076349369
2384 10.615479388
2385 10.6233299514
2386 10.6311866355
2387 10.6390494487
2388 10.6469183996
2389 10.6547934966
2390 10.6626747482
2391 10.6705621629
2392 10.6784557494
2393 10.6863555161
2394 10.6942614716
2395 10.7021736246
2396 10.7100919835
2397 10.718016557
2398 10.7259473537
2399 10.7338843824
2400 10.7418276515
2401 10.7497771699
2402 10.7577329461
2403 10.765694989
2404 10.7736633071
2405 10.7816379093
2406 10.7896188043
2407 10.7976060008
2408 10.8055995077
2409 10.8135993336
2410 10.8216054875
2411 10.8296179782
2412 10.8376368145
2413 10.8456620052
2414 10.8536935592
2415 10.8617314855
2416 10.8697757928
2417 10.8778264902
2418 10.8858835865
2419 10.8939470907
2420 10.9020170118
2421 10.9100933588
2422 10.9181761406
2423 10.9262653662
2424 10.9343610447
2425 10.9424631852
2426 10.9505717966
2427 10.9586868881
2428 10.9668084687
2429 10.9749365476
2430 10.9830711338
2431 10.9912122366
2432 10.999359865
2433 11.0075140283
2434 11.0156747356
2435 11.0238419961
2436 11.032015819
2437 11.0401962136
2438 11.0483831892
2439 11.0565767549
2440 11.0647769202
2441 11.0729836942
2442 11.0811970863
2443 11.0894171058
2444 11.0976437621
2445 11.1058770645
2446 11.1141170225
2447 11.1223636454
2448 11.1306169426
2449 11.1388769236
2450 11.1471435978
2451 11.1554169748
2452 11.1636970638
2453 11.1719838746
2454 11.1802774165
2455 11.1885776991
2456 11.196884732
2457 11.2051985248
2458 11.2135190869
2459 11.2218464281
2460 11.2301805578
2461 11.2385214859
2462 11.2468692219
2463 11.2552237754
2464 11.2635851563
2465 11.2719533741
2466 11.2803284385
2467 11.2887103595
2468 11.2970991466
2469 11.3054948097
2470 11.3138973585
2471 11.3223068029
2472 11.3307231526
2473 11.3391464176
2474 11.3475766077
2475 11.3560137327
2476 11.3644578026
2477 11.3729088272
2478 11.3813668166
2479 11.3898317805
2480 11.3983037291
2481 11.4067826723
2482 11.4152686201
2483 11.4237615825
2484 11.4322615695
2485 11.4407685913
2486 11.4492826578
2487 11.4578037792
2488 11.4663319656
2489 11.474867227
2490 11.4834095738
2491 11.4919590159
2492 11.5005155636
2493 11.5090792272
2494 11.5176500167
2495 11.5262279425
2496 11.5348130148
2497 11.5434052439
2498 11.55200464
2499 11.5606112136
2500 11.5692249748
2501 11.5778459341
2502 11.5864741019
2503 11.5951094884
2504 11.6037521042
2505 11.6124019595
2506 11.621059065
2507 11.629723431
2508 11.638395068
2509 11.6470739866
2510 11.6557601971
2511 11.6644537102
2512 11.6731545365
2513 11.6818626864
2514 11.6905781707
2515 11.6993009998
2516 11.7080311845
2517 11.7167687353
2518 11.725513663
2519 11.7342659782
2520 11.7430256917
2521 11.7517928142
2522 11.7605673563
2523 11.769349329
2524 11.778138743
2525 11.786935609
2526 11.7957399379
2527 11.8045517406
2528 11.813371028
2529 11.8221978108
2530 11.8310321
2531 11.8398739066
2532 11.8487232414
2533 11.8575801155
2534 11.8664445398
2535 11.8753165253
2536 11.8841960831
2537 11.8930832242
2538 11.9019779596
2539 11.9108803005
2540 11.919790258
2541 11.9287078431
2542 11.9376330671
2543 11.946565941
2544 11.9555064761
2545 11.9644546836
2546 11.9734105747
2547 11.9823741607
2548 11.9913454528
2549 12.0003244623
2550 12.0093112005
2551 12.0183056787
2552 12.0273079084
2553 12.0363179009
2554 12.0453356675
2555 12.0543612197
2556 12.0633945689
2557 12.0724357266
2558 12.0814847043
2559 12.0905415134
2560 12.0996061655
2561 12.108678672
2562 12.1177590447
2563 12.126847295
2564 12.1359434345
2565 12.1450474749
2566 12.1541594279
2567 12.1632793051
2568 12.1724071181
2569 12.1815428787
2570 12.1906865987
2571 12.1998382897
2572 12.2089979636
2573 12.2181656322
2574 12.2273413073
2575 12.2365250006
2576 12.2457167242
2577 12.2549164898
2578 12.2641243094
2579 12.2733401949
2580 12.2825641582
2581 12.2917962114
2582 12.3010363665
2583 12.3102846353
2584 12.3195410301
2585 12.3288055628
2586 12.3380782455
2587 12.3473590904
2588 12.3566481096
2589 12.3659453151
2590 12.3752507193
2591 12.3845643343
2592 12.3938861723
2593 12.4032162456
2594 12.4125545664
2595 12.421901147
2596 12.4312559997
2597 12.4406191369
2598 12.449990571
2599 12.4593703142
2600 12.4687583791
2601 12.478154778
2602 12.4875595233
2603 12.4969726277
2604 12.5063941034
2605 12.5158239632
2606 12.5252622195
2607 12.5347088849
2608 12.5441639719
2609 12.5536274933
2610 12.5630994616
2611 12.5725798895
2612 12.5820687896
2613 12.5915661748
2614 12.6010720576
2615 12.610586451
2616 12.6201093676
2617 12.6296408203
2618 12.6391808218
2619 12.6487293851
2620 12.6582865231
2621 12.6678522485
2622 12.6774265745
2623 12.6870095138
2624 12.6966010795
2625 12.7062012845
2626 12.715810142
2627 12.7254276649
2628 12.7350538663
2629 12.7446887593
2630 12.7543323571
2631 12.7639846728
2632 12.7736457195
2633 12.7833155105
2634 12.7929940589
2635 12.802681378
2636 12.8123774812
2637 12.8220823816
2638 12.8317960927
2639 12.8415186277
2640 12.85125
2641 12.8609902231
2642 12.8707393103
2643 12.880497275
2644 12.8902641309
2645 12.9000398914
2646 12.9098245699
2647 12.9196181801
2648 12.9294207355
2649 12.9392322497
2650 12.9490527364
2651 12.9588822091
2652 12.9687206817
2653 12.9785681678
2654 12.9884246811
2655 12.9982902353
2656 13.0081648444
2657 13.018048522
2658 13.027941282
2659 13.0378431384
2660 13.0477541048
2661 13.0576741954
2662 13.067603424
2663 13.0775418046
2664 13.0874893512
2665 13.0974460778
2666 13.1074119985
2667 13.1173871274
2668 13.1273714784
2669 13.1373650659
2670 13.1473679039
2671 13.1573800067
2672 13.1674013883
2673 13.1774320632
2674 13.1874720455
2675 13.1975213495
2676 13.2075799896
2677 13.2176479801
2678 13.2277253354
2679 13.2378120699
2680 13.247908198
2681 13.2580137341
2682 13.2681286929
2683 13.2782530887
2684 13.2883869362
2685 13.2985302499
2686 13.3086830444
2687 13.3188453343
2688 13.3290171343
2689 13.3391984591
2690 13.3493893233
2691 13.3595897418
2692 13.3697997293
2693 13.3800193006
2694 13.3902484705
2695 13.4004872538
2696 13.4107356656
2697 13.4209937206
2698 13.4312614338
2699 13.4415388202
2700 13.4518258948
2701 13.4621226727
2702 13.4724291687
2703 13.4827453982
2704 13.4930713761
2705 13.5034071177
2706 13.5137526381
2707 13.5241079524
2708 13.5344730761
2709 13.5448480242
2710 13.5552328121
2711 13.5656274551
2712 13.5760319687
2713 13.586446368
2714 13.5968706687
2715 13.6073048861
2716 13.6177490356
2717 13.6282031329
2718 13.6386671934
2719 13.6491412327
2720 13.6596252663
2721 13.67011931
2722 13.6806233794
2723 13.6911374901
2724 13.7016616579
2725 13.7121958985
2726 13.7227402277
2727 13.7332946613
2728 13.7438592152
2729 13.7544339052
2730 13.7650187472
2731 13.7756137572
2732 13.7862189511
2733 13.796834345
2734 13.8074599548
2735 13.8180957966
2736 13.8287418865
2737 13.8393982406
2738 13.8500648751
2739 13.8607418062
2740 13.87142905
2741 13.8821266229
2742 13.8928345411
2743 13.9035528209
2744 13.9142814788
2745 13.9250205309
2746 13.9357699939
2747 13.946529884
2748 13.9573002178
2749 13.9680810118
2750 13.9788722826
2751 13.9896740467
2752 14.0004863207
2753 14.0113091212
2754 14.022142465
2755 14.0329863687
2756 14.0438408491
2757 14.0547059229
2758 14.0655816069
2759 14.0764679181
2760 14.0873648732
2761 14.0982724892
2762 14.109190783
2763 14.1201197715
2764 14.1310594719
2765 14.142009901
2766 14.1529710761
2767 14.1639430142
2768 14.1749257324
2769 14.1859192479
2770 14.196923578
2771 14.2079387398
2772 14.2189647507
2773 14.230001628
2774 14.2410493889
2775 14.252108051
2776 14.2631776316
2777 14.2742581482
2778 14.2853496182
2779 14.2964520592
2780 14.3075654887
2781 14.3186899244
2782 14.3298253838
2783 14.3409718846
2784 14.3521294446
2785 14.3632980814
2786 14.3744778128
2787 14.3856686567
2788 14.3968706308
2789 14.408083753
2790 14.4193080413
2791 14.4305435136
2792 14.4417901879
2793 14.4530480822
2794 14.4643172145
2795 14.4755976031
2796 14.4868892658
2797 14.4981922211
2798 14.509506487
2799 14.5208320818
2800 14.5321690237
2801 14.5435173312
2802 14.5548770225
2803 14.566248116
2804 14.5776306301
2805 14.5890245833
2806 14.6004299942
2807 14.6118468812
2808 14.6232752629
2809 14.6347151579
2810 14.6461665849
2811 14.6576295625
2812 14.6691041096
2813 14.6805902447
2814 14.6920879869
2815 14.7035973548
2816 14.7151183673
2817 14.7266510435
2818 14.7381954022
2819 14.7497514624
2820 14.7613192431
2821 14.7728987635
2822 14.7844900426
2823 14.7960930996
2824 14.8077079537
2825 14.819334624
2826 14.8309731299
2827 14.8426234907
2828 14.8542857257
2829 14.8659598542
2830 14.8776458957
2831 14.8893438698
2832 14.9010537957
2833 14.9127756932
2834 14.9245095818
2835 14.9362554811
2836 14.9480134108
2837 14.9597833905
2838 14.9715654401
2839 14.9833595793
2840 14.9951658279
2841 15.0069842057
2842 15.0188147328
2843 15.030657429
2844 15.0425123143
2845 15.0543794088
2846 15.0662587325
2847 15.0781503055
2848 15.090054148
2849 15.1019702802
2850 15.1138987223
2851 15.1258394946
2852 15.1377926173
2853 15.149758111
2854 15.1617359959
2855 15.1737262924
2856 15.1857290212
2857 15.1977442027
2858 15.2097718575
2859 15.2218120062
2860 15.2338646694
2861 15.2459298679
2862 15.2580076224
2863 15.2700979537
2864 15.2822008825
2865 15.2943164299
2866 15.3064446166
2867 15.3185854637
2868 15.3307389921
2869 15.3429052229
2870 15.3550841772
2871 15.3672758761
2872 15.3794803408
2873 15.3916975924
2874 15.4039276524
2875 15.4161705419
2876 15.4284262823
2877 15.4406948951
2878 15.4529764016
2879 15.4652708233
2880 15.4775781818
2881 15.4898984987
2882 15.5022317955
2883 15.514578094
2884 15.5269374158
2885 15.5393097827
2886 15.5516952165
2887 15.564093739
2888 15.5765053722
2889 15.588930138
2890 15.6013680583
2891 15.6138191552
2892 15.6262834508
2893 15.6387609671
2894 15.6512517264
2895 15.6637557509
2896 15.6762730628
2897 15.6888036845
2898 15.7013476383
2899 15.7139049465
2900 15.7264756317
2901 15.7390597163
2902 15.751657223
2903 15.7642681742
2904 15.7768925926
2905 15.7895305009
2906 15.8021819219
2907 15.8148468783
2908 15.8275253929
2909 15.8402174887
2910 15.8529231885
2911 15.8656425153
2912 15.8783754922
2913 15.8911221423
2914 15.9038824885
2915 15.9166565542
2916 15.9294443625
2917 15.9422459368
2918 15.9550613002
2919 15.9678904763
2920 15.9807334883
2921 15.9935903598
2922 16.0064611143
2923 16.0193457753
2924 16.0322443665
2925 16.0451569116
2926 16.0580834341
2927 16.071023958
2928 16.0839785071
2929 16.0969471051
2930 16.109929776
2931 16.1229265438
2932 16.1359374326
2933 16.1489624663
2934 16.1620016691
2935 16.1750550651
2936 16.1881226787
2937 16.2012045341
2938 16.2143006555
2939 16.2274110675
2940 16.2405357943
2941 16.2536748606
2942 16.2668282908
2943 16.2799961096
2944 16.2931783415
2945 16.3063750113
2946 16.3195861437
2947 16.3328117636
2948 16.3460518957
2949 16.359306565
2950 16.3725757965
2951 16.3858596151
2952 16.399158046
2953 16.4124711142
2954 16.425798845
2955 16.4391412635
2956 16.4524983951
2957 16.465870265
2958 16.4792568988
2959 16.4926583218
2960 16.5060745595
2961 16.5195056375
2962 16.5329515815
2963 16.546412417
2964 16.5598881698
2965 16.5733788658
2966 16.5868845306
2967 16.6004051903
2968 16.6139408707
2969 16.6274915979
2970 16.641057398
2971 16.6546382969
2972 16.668234321
2973 16.6818454965
2974 16.6954718496
2975 16.7091134067
2976 16.7227701941
2977 16.7364422384
2978 16.7501295661
2979 16.7638322037
2980 16.7775501779
2981 16.7912835153
2982 16.8050322427
2983 16.8187963869
2984 16.8325759749
2985 16.8463710334
2986 16.8601815894
2987 16.8740076701
2988 16.8878493026
2989 16.9017065139
2990 16.9155793313
2991 16.929467782
2992 16.9433718935
2993 16.9572916931
2994 16.9712272082
2995 16.9851784664
2996 16.9991454953
2997 17.0131283225
2998 17.0271269757
2999 17.0411414826
3000 17.0551718711
3001 17.069218169
3002 17.0832804043
3003 17.0973586051
3004 17.1114527993
3005 17.125563015
3006 17.1396892806
3007 17.1538316242
3008 17.1679900741
3009 17.1821646588
3010 17.1963554066
3011 17.210562346
3012 17.2247855057
3013 17.2390249142
3014 17.2532806002
3015 17.2675525925
3016 17.2818409199
3017 17.2961456113
3018 17.3104666956
3019 17.3248042019
3020 17.3391581591
3021 17.3535285965
3022 17.3679155433
3023 17.3823190286
3024 17.3967390819
3025 17.4111757325
3026 17.4256290098
3027 17.4400989435
3028 17.4545855631
3029 17.4690888983
3030 17.4836089788
3031 17.4981458343
3032 17.5126994948
3033 17.5272699901
3034 17.5418573503
3035 17.5564616054
3036 17.5710827855
3037 17.5857209208
3038 17.6003760415
3039 17.6150481781
3040 17.6297373609
3041 17.6444436202
3042 17.6591669868
3043 17.6739074911
3044 17.6886651639
3045 17.7034400358
3046 17.7182321377
3047 17.7330415005
3048 17.747868155
3049 17.7627121323
3050 17.7775734635
3051 17.7924521797
3052 17.8073483122
3053 17.8222618921
3054 17.837192951
3055 17.8521415201
3056 17.8671076311
3057 17.8820913155
3058 17.8970926049
3059 17.912111531
3060 17.9271481257
3061 17.9422024208
3062 17.9572744481
3063 17.9723642398
3064 17.9874718279
3065 18.0025972445
3066 18.0177405218
3067 18.0329016922
3068 18.048080788
3069 18.0632778417
3070 18.0784928857
3071 18.0937259526
3072 18.1089770751
3073 18.1242462859
3074 18.1395336179
3075 18.1548391039
3076 18.1701627768
3077 18.1855046698
3078 18.2008648158
3079 18.2162432481
3080 18.23164
3081 18.2470551047
3082 18.2624885957
3083 18.2779405065
3084 18.2934108705
3085 18.3088997215
3086 18.3244070932
3087 18.3399330193
3088 18.3554775338
3089 18.3710406705
3090 18.3866224635
3091 18.4022229469
3092 18.4178421548
3093 18.4334801215
3094 18.4491368814
3095 18.4648124689
3096 18.4805069184
3097 18.4962202645
3098 18.5119525418
3099 18.5277037852
3100 18.5434740294
3101 18.5592633093
3102 18.5750716598
3103 18.590899116
3104 18.6067457131
3105 18.6226114862
3106 18.6384964706
3107 18.6544007018
3108 18.6703242151
3109 18.6862670461
3110 18.7022292305
3111 18.7182108038
3112 18.7342118019
3113 18.7502322607
3114 18.7662722161
3115 18.7823317041
3116 18.7984107609
3117 18.8145094226
3118 18.8306277256
3119 18.8467657061
3120 18.8629234007
3121 18.8791008458
3122 18.8952980781
3123 18.9115151343
3124 18.9277520512
3125 18.9440088657
3126 18.9602856146
3127 18.9765823351
3128 18.9928990643
3129 19.0092358394
3130 19.0255926976
3131 19.0419696765
3132 19.0583668135
3133 19.0747841461
3134 19.0912217119
3135 19.1076795488
3136 19.1241576946
3137 19.1406561871
3138 19.1571750644
3139 19.1737143645
3140 19.1902741258
3141 19.2068543863
3142 19.2234551845
3143 19.2400765589
3144 19.2567185479
3145 19.2733811903
3146 19.2900645247
3147 19.3067685899
3148 19.3234934248
3149 19.3402390686
3150 19.3570055601
3151 19.3737929386
3152 19.3906012435
3153 19.4074305139
3154 19.4242807895
3155 19.4411521097
3156 19.4580445142
3157 19.4749580427
3158 19.491892735
3159 19.5088486311
3160 19.5258257711
3161 19.5428241949
3162 19.5598439428
3163 19.5768850551
3164 19.5939475722
3165 19.6110315346
3166 19.6281369829
3167 19.6452639578
3168 19.6624125
3169 19.6795826504
3170 19.69677445
3171 19.7139879399
3172 19.7312231612
3173 19.7484801552
3174 19.7657589633
3175 19.7830596268
3176 19.8003821875
3177 19.8177266869
3178 19.8350931668
3179 19.8524816691
3180 19.8698922356
3181 19.8873249086
3182 19.90477973
3183 19.9222567423
3184 19.9397559877
3185 19.9572775087
3186 19.9748213479
3187 19.9923875479
3188 20.0099761514
3189 20.0275872015
3190 20.045220741
3191 20.062876813
3192 20.0805554607
3193 20.0982567273
3194 20.1159806563
3195 20.1337272911
3196 20.1514966753
3197 20.1692888527
3198 20.187103867
3199 20.2049417621
3200 20.222802582
3201 20.2406863709
3202 20.258593173
3203 20.2765230326
3204 20.2944759942
3205 20.3124521022
3206 20.3304514014
3207 20.3484739365
3208 20.3665197524
3209 20.384588894
3210 20.4026814065
3211 20.4207973349
3212 20.4389367248
3213 20.4570996213
3214 20.4752860702
3215 20.4934961169
3216 20.5117298073
3217 20.5299871871
3218 20.5482683025
3219 20.5665731994
3220 20.584901924
3221 20.6032545226
3222 20.6216310417
3223 20.6400315277
3224 20.6584560274
3225 20.6769045874
3226 20.6953772547
3227 20.7138740762
3228 20.732395099
3229 20.7509403703
3230 20.7695099374
3231 20.7881038478
3232 20.8067221491
3233 20.8253648889
3234 20.844032115
3235 20.8627238753
3236 20.8814402178
3237 20.9001811908
3238 20.9189468423
3239 20.9377372209
3240 20.956552375
3241 20.9753923532
3242 20.9942572042
3243 21.013146977
3244 21.0320617205
3245 21.0510014837
3246 21.069966316
3247 21.0889562666
3248 21.107971385
3249 21.1270117207
3250 21.1460773235
3251 21.1651682433
3252 21.1842845298
3253 21.2034262333
3254 21.2225934039
3255 21.2417860919
3256 21.2610043478
3257 21.2802482221
3258 21.2995177656
3259 21.318813029
3260 21.3381340633
3261 21.3574809195
3262 21.3768536489
3263 21.3962523028
3264 21.4156769326
3265 21.4351275899
3266 21.4546043264
3267 21.474107194
3268 21.4936362445
3269 21.5131915302
3270 21.5327731032
3271 21.5523810159
3272 21.5720153207
3273 21.5916760703
3274 21.6113633174
3275 21.6310771149
3276 21.6508175158
3277 21.6705845732
3278 21.6903783405
3279 21.710198871
3280 21.7300462182
3281 21.7499204358
3282 21.7698215778
3283 21.7897496978
3284 21.8097048502
3285 21.829687089
3286 21.8496964687
3287 21.8697330436
3288 21.8897968685
3289 21.9098879981
3290 21.9300064873
3291 21.9501523911
3292 21.9703257647
3293 21.9905266634
3294 22.0107551427
3295 22.0310112582
3296 22.0512950655
3297 22.0716066206
3298 22.0919459795
3299 22.1123131983
3300 22.1327083333
3301 22.153131441
3302 22.173582578
3303 22.1940618009
3304 22.2145691667
3305 22.2351047323
3306 22.255668555
3307 22.2762606919
3308 22.2968812006
3309 22.3175301387
3310 22.3382075639
3311 22.358913534
3312 22.3796481072
3313 22.4004113415
3314 22.4212032954
3315 22.4420240273
3316 22.4628735958
3317 22.4837520597
3318 22.5046594779
3319 22.5255959096
3320 22.5465614138
3321 22.5675560501
3322 22.5885798779
3323 22.6096329569
3324 22.6307153469
3325 22.651827108
3326 22.6729683003
3327 22.694138984
3328 22.7153392197
3329 22.7365690678
3330 22.7578285893
3331 22.7791178449
3332 22.8004368959
3333 22.8217858033
3334 22.8431646286
3335 22.8645734333
3336 22.8860122792
3337 22.907481228
3338 22.9289803419
3339 22.9505096829
3340 22.9720693135
3341 22.9936592961
3342 23.0152796934
3343 23.0369305682
3344 23.0586119835
3345 23.0803240024
3346 23.1020666884
3347 23.1238401047
3348 23.1456443152
3349 23.1674793835
3350 23.1893453737
3351 23.2112423498
3352 23.2331703763
3353 23.2551295176
3354 23.2771198382
3355 23.2991414031
3356 23.3211942771
3357 23.3432785255
3358 23.3653942135
3359 23.3875414066
3360 23.4097201705
3361 23.4319305709
3362 23.454172674
3363 23.4764465458
3364 23.4987522528
3365 23.5210898613
3366 23.5434594382
3367 23.5658610502
3368 23.5882947644
3369 23.610760648
3370 23.6332587684
3371 23.6557891932
3372 23.6783519901
3373 23.700947227
3374 23.723574972
3375 23.7462352935
3376 23.7689282598
3377 23.7916539395
3378 23.8144124016
3379 23.837203715
3380 23.8600279489
3381 23.8828851726
3382 23.9057754557
3383 23.9286988679
3384 23.9516554792
3385 23.9746453595
3386 23.9976685793
3387 24.0207252089
3388 24.0438153191
3389 24.0669389806
3390 24.0900962645
3391 24.113287242
3392 24.1365119845
3393 24.1597705637
3394 24.1830630511
3395 24.206389519
3396 24.2297500394
3397 24.2531446846
3398 24.2765735273
3399 24.3000366401
3400 24.3235340961
3401 24.3470659682
3402 24.3706323299
3403 24.3942332547
3404 24.4178688163
3405 24.4415390885
3406 24.4652441456
3407 24.4889840618
3408 24.5127589116
3409 24.5365687697
3410 24.5604137111
3411 24.5842938108
3412 24.6082091441
3413 24.6321597865
3414 24.6561458138
3415 24.6801673019
3416 24.7042243269
3417 24.728316965
3418 24.7524452929
3419 24.7766093873
3420 24.800809325
3421 24.8250451833
3422 24.8493170395
3423 24.8736249712
3424 24.897969056
3425 24.9223493721
3426 24.9467659976
3427 24.9712190109
3428 24.9957084906
3429 25.0202345155
3430 25.0447971647
3431 25.0693965174
3432 25.0940326531
3433 25.1187056514
3434 25.1434155924
3435 25.168162556
3436 25.1929466226
3437 25.2177678728
3438 25.2426263874
3439 25.2675222472
3440 25.2924555336
3441 25.3174263279
3442 25.3424347119
3443 25.3674807673
3444 25.3925645763
3445 25.4176862211
3446 25.4428457845
3447 25.468043349
3448 25.4932789977
3449 25.5185528138
3450 25.5438648808
3451 25.5692152824
3452 25.5946041024
3453 25.620031425
3454 25.6454973345
3455 25.6710019156
3456 25.6965452531
3457 25.722127432
3458 25.7477485377
3459 25.7734086556
3460 25.7991078715
3461 25.8248462715
3462 25.8506239418
3463 25.8764409688
3464 25.9022974392
3465 25.9281934401
3466 25.9541290585
3467 25.980104382
3468 26.0061194982
3469 26.0321744951
3470 26.0582694607
3471 26.0844044835
3472 26.1105796521
3473 26.1367950554
3474 26.1630507826
3475 26.189346923
3476 26.2156835663
3477 26.2420608024
3478 26.2684787213
3479 26.2949374136
3480 26.3214369697
3481 26.3479774806
3482 26.3745590374
3483 26.4011817316
3484 26.4278456547
3485 26.4545508987
3486 26.4812975557
3487 26.5080857181
3488 26.5349154786
3489 26.5617869302
3490 26.5887001659
3491 26.6156552794
3492 26.6426523642
3493 26.6696915145
3494 26.6967728243
3495 26.7238963882
3496 26.7510623009
3497 26.7782706576
3498 26.8055215535
3499 26.8328150841
3500 26.8601513454
3501 26.8875304333
3502 26.9149524444
3503 26.9424174751
3504 26.9699256226
3505 26.9974769838
3506 27.0250716564
3507 27.052709738
3508 27.0803913266
3509 27.1081165206
3510 27.1358854186
3511 27.1636981193
3512 27.1915547219
3513 27.2194553258
3514 27.2474000308
3515 27.2753889367
3516 27.3034221439
3517 27.3314997528
3518 27.3596218643
3519 27.3877885796
3520 27.416
3521 27.4442562272
3522 27.4725573632
3523 27.5009035102
3524 27.5292947709
3525 27.557731248
3526 27.5862130448
3527 27.6147402646
3528 27.6433130111
3529 27.6719313886
3530 27.7005955011
3531 27.7293054535
3532 27.7580613505
3533 27.7868632975
3534 27.8157113999
3535 27.8446057636
3536 27.8735464948
3537 27.9025336998
3538 27.9315674854
3539 27.9606479587
3540 27.989775227
3541 28.018949398
3542 28.0481705796
3543 28.0774388802
3544 28.1067544084
3545 28.136117273
3546 28.1655275833
3547 28.1949854488
3548 28.2244909795
3549 28.2540442854
3550 28.2836454771
3551 28.3132946653
3552 28.3429919613
3553 28.3727374764
3554 28.4025313225
3555 28.4323736117
3556 28.4622644563
3557 28.4922039692
3558 28.5221922634
3559 28.5522294523
3560 28.5823156497
3561 28.6124509697
3562 28.6426355266
3563 28.6728694353
3564 28.7031528107
3565 28.7334857682
3566 28.7638684237
3567 28.7943008932
3568 28.8247832931
3569 28.8553157402
3570 28.8858983516
3571 28.9165312447
3572 28.9472145374
3573 28.9779483477
3574 29.0087327941
3575 29.0395679956
3576 29.0704540712
3577 29.1013911404
3578 29.1323793232
3579 29.1634187399
3580 29.1945095109
3581 29.2256517572
3582 29.2568456001
3583 29.2880911613
3584 29.3193885627
3585 29.3507379269
3586 29.3821393764
3587 29.4135930344
3588 29.4450990243
3589 29.47665747
3590 29.5082684957
3591 29.5399322259
3592 29.5716487856
3593 29.6034183
3594 29.6352408948
3595 29.6671166961
3596 29.6990458303
3597 29.7310284242
3598 29.7630646049
3599 29.7951545
3600 29.8272982375
3601 29.8594959456
3602 29.891747753
3603 29.9240537889
3604 29.9564141826
3605 29.9888290641
3606 30.0212985635
3607 30.0538228115
3608 30.0864019391
3609 30.1190360777
3610 30.1517253591
3611 30.1844699155
3612 30.2172698796
3613 30.2501253842
3614 30.2830365628
3615 30.3160035492
3616 30.3490264776
3617 30.3821054826
3618 30.4152406991
3619 30.4484322626
3620 30.4816803089
3621 30.5149849742
3622 30.5483463952
3623 30.5817647088
3624 30.6152400527
3625 30.6487725646
3626 30.6823623829
3627 30.7160096462
3628 30.7497144937
3629 30.783477065
3630 30.8172975
3631 30.8511759391
3632 30.8851125232
3633 30.9191073936
3634 30.9531606918
3635 30.9872725601
3636 31.0214431409
3637 31.0556725773
3638 31.0899610126
3639 31.1243085908
3640 31.1587154562
3641 31.1931817534
3642 31.2277076276
3643 31.2622932245
3644 31.2969386901
3645 31.3316441709
3646 31.366409814
3647 31.4012357666
3648 31.4361221768
3649 31.4710691927
3650 31.5060769632
3651 31.5411456375
3652 31.5762753652
3653 31.6114662966
3654 31.6467185822
3655 31.6820323731
3656 31.7174078209
3657 31.7528450775
3658 31.7883442954
3659 31.8239056276
3660 31.8595292275
3661 31.8952152489
3662 31.9309638463
3663 31.9667751744
3664 32.0026493887
3665 32.0385866448
3666 32.0745870991
3667 32.1106509084
3668 32.1467782299
3669 32.1829692214
3670 32.2192240411
3671 32.2555428477
3672 32.2919258004
3673 32.328373059
3674 32.3648847837
3675 32.4014611352
3676 32.4381022747
3677 32.4748083639
3678 32.511579565
3679 32.5484160408
3680 32.5853179545
3681 32.6222854699
3682 32.6593187512
3683 32.6964179632
3684 32.7335832712
3685 32.770814841
3686 32.8081128389
3687 32.8454774317
3688 32.882908787
3689 32.9204070725
3690 32.9579724566
3691 32.9956051085
3692 33.0333051974
3693 33.0710728936
3694 33.1089083674
3695 33.1468117901
3696 33.1847833333
3697 33.2228231692
3698 33.2609314704
3699 33.2991084103
3700 33.3373541627
3701 33.375668902
3702 33.414052803
3703 33.4525060414
3704 33.491028793
3705 33.5296212345
3706 33.5682835432
3707 33.6070158966
3708 33.645818473
3709 33.6846914515
3710 33.7236350112
3711 33.7626493324
3712 33.8017345954
3713 33.8408909816
3714 33.8801186725
3715 33.9194178506
3716 33.9587886986
3717 33.9982314001
3718 34.0377461392
3719 34.0773331004
3720 34.1169924691
3721 34.156724431
3722 34.1965291727
3723 34.2364068811
3724 34.2763577438
3725 34.3163819492
3726 34.356479686
3727 34.3966511438
3728 34.4368965125
3729 34.4772159829
3730 34.5176097462
3731 34.5580779944
3732 34.59862092
3733 34.6392387161
3734 34.6799315765
3735 34.7206996956
3736 34.7615432685
3737 34.8024624908
3738 34.8434575588
3739 34.8845286695
3740 34.9256760204
3741 34.9668998098
3742 35.0082002364
3743 35.0495774999
3744 35.0910318004
3745 35.1325633387
3746 35.1741723163
3747 35.2158589352
3748 35.2576233984
3749 35.2994659091
3750 35.3413866716
3751 35.3833858907
3752 35.4254637717
3753 35.4676205208
3754 35.5098563448
3755 35.5521714511
3756 35.594566048
3757 35.6370403443
3758 35.6795945495
3759 35.7222288738
3760 35.7649435281
3761 35.807738724
3762 35.8506146739
3763 35.8935715907
3764 35.9366096882
3765 35.9797291807
3766 36.0229302833
3767 36.066213212
3768 36.1095781832
3769 36.1530254142
3770 36.1965551229
3771 36.2401675282
3772 36.2838628493
3773 36.3276413065
3774 36.3715031206
3775 36.4154485133
3776 36.4594777069
3777 36.5035909245
3778 36.54778839
3779 36.5920703279
3780 36.6364369636
3781 36.6808885232
3782 36.7254252335
3783 36.7700473221
3784 36.8147550173
3785 36.8595485483
3786 36.9044281451
3787 36.9493940381
3788 36.994446459
3789 37.0395856398
3790 37.0848118136
3791 37.1301252142
3792 37.1755260761
3793 37.2210146346
3794 37.266591126
3795 37.312255787
3796 37.3580088556
3797 37.4038505702
3798 37.4497811701
3799 37.4958008955
3800 37.5419099874
3801 37.5881086875
3802 37.6343972384
3803 37.6807758836
3804 37.7272448673
3805 37.7738044346
3806 37.8204548313
3807 37.8671963041
3808 37.9140291008
3809 37.9609534696
3810 38.0079696599
3811 38.0550779217
3812 38.1022785061
3813 38.1495716647
3814 38.1969576504
3815 38.2444367166
3816 38.2920091178
3817 38.3396751092
3818 38.3874349469
3819 38.4352888881
3820 38.4832371906
3821 38.5312801132
3822 38.5794179155
3823 38.6276508582
3824 38.6759792027
3825 38.7244032113
3826 38.7729231474
3827 38.8215392751
3828 38.8702518595
3829 38.9190611666
3830 38.9679674632
3831 39.0169710173
3832 39.0660720976
3833 39.1152709738
3834 39.1645679165
3835 39.2139631972
3836 39.2634570885
3837 39.3130498638
3838 39.3627417975
3839 39.412533165
3840 39.4624242424
3841 39.5124153072
3842 39.5625066375
3843 39.6126985125
3844 39.6629912124
3845 39.7133850184
3846 39.7638802124
3847 39.8144770778
3848 39.8651758985
3849 39.9159769596
3850 39.9668805473
3851 40.0178869487
3852 40.0689964517
3853 40.1202093455
3854 40.1715259203
3855 40.2229464672
3856 40.2744712783
3857 40.3261006468
3858 40.377834867
3859 40.4296742341
3860 40.4816190443
3861 40.5336695951
3862 40.5858261847
3863 40.6380891127
3864 40.6904586796
3865 40.7429351868
3866 40.7955189371
3867 40.8482102341
3868 40.9010093826
3869 40.9539166885
3870 41.0069324586
3871 41.0600570011
3872 41.113290625
3873 41.1666336406
3874 41.2200863591
3875 41.2736490931
3876 41.327322156
3877 41.3811058625
3878 41.4350005285
3879 41.4890064708
3880 41.5431240074
3881 41.5973534576
3882 41.6516951417
3883 41.7061493812
3884 41.7607164986
3885 41.8153968177
3886 41.8701906636
3887 41.9250983623
3888 41.9801202411
3889 42.0352566284
3890 42.0905078539
3891 42.1458742484
3892 42.2013561439
3893 42.2569538737
3894 42.3126677721
3895 42.3684981748
3896 42.4244454187
3897 42.4805098418
3898 42.5366917833
3899 42.5929915838
3900 42.649409585
3901 42.7059461299
3902 42.7626015628
3903 42.819376229
3904 42.8762704754
3905 42.93328465
3906 42.990419102
3907 43.0476741819
3908 43.1050502415
3909 43.162547634
3910 43.2201667138
3911 43.2779078365
3912 43.335771359
3913 43.3937576398
3914 43.4518670383
3915 43.5100999155
3916 43.5684566337
3917 43.6269375564
3918 43.6855430485
3919 43.7442734763
3920 43.8031292073
3921 43.8621106105
3922 43.9212180563
3923 43.9804519162
3924 44.0398125633
3925 44.099300372
3926 44.1589157182
3927 44.218658979
3928 44.2785305331
3929 44.3385307603
3930 44.3986600421
3931 44.4589187613
3932 44.5193073021
3933 44.5798260503
3934 44.6404753928
3935 44.7012557182
3936 44.7621674165
3937 44.8232108791
3938 44.8843864989
3939 44.9456946703
3940 45.007135789
3941 45.0687102524
3942 45.1304184593
3943 45.1922608099
3944 45.254237706
3945 45.3163495509
3946 45.3785967494
3947 45.4409797078
3948 45.503498834
3949 45.5661545373
3950 45.6289472287
3951 45.6918773205
3952 45.7549452269
3953 45.8181513634
3954 45.881496147
3955 45.9449799966
3956 46.0086033325
3957 46.0723665765
3958 46.1362701521
3959 46.2003144843
3960 46.2645
3961 46.3288271274
3962 46.3932962964
3963 46.4579079386
3964 46.5226624873
3965 46.5875603773
3966 46.6526020451
3967 46.7177879288
3968 46.7831184684
3969 46.8485941054
3970 46.914215283
3971 46.9799824461
3972 47.0458960412
3973 47.1119565168
3974 47.1781643229
3975 47.2445199111
3976 47.3110237351
3977 47.37767625
3978 47.4444779129
3979 47.5114291824
3980 47.5785305191
3981 47.6457823852
3982 47.7131852449
3983 47.7807395639
3984 47.84844581
3985 47.9163044524
3986 47.9843159627
3987 48.0524808137
3988 48.1207994805
3989 48.1892724398
3990 48.2579001702
3991 48.3266831523
3992 48.3956218682
3993 48.4647168023
3994 48.5339684406
3995 48.6033772711
3996 48.6729437837
3997 48.7426684702
3998 48.8125518243
3999 48.8825943417
