LEU 0.321 0.035 0.045 0.311 0.067 0.034 0.045
ILE 0.147 0.014 0.014 0.082 0.030 0.035 0.021
VAL 0.082 0.019 0.036 0.083 0.023 0.014 0.017
MET 0.055 0.000 0.006 0.022 0.003 0.003 0.000
PHE 0.040 0.003 0.013 0.014 0.020 0.002 0.000
TYR 0.029 0.006 0.000 0.066 0.000 0.002 0.018
GLY 0.003 0.008 0.023 0.005 0.010 0.076 0.011
ALA 0.089 0.085 0.054 0.173 0.042 0.105 0.069
LYS 0.053 0.123 0.091 0.021 0.093 0.111 0.181
ARG 0.051 0.051 0.074 0.010 0.069 0.101 0.097
HIS 0.009 0.039 0.013 0.003 0.010 0.013 0.002
GLU 0.006 0.190 0.190 0.045 0.315 0.201 0.193
ASP 0.000 0.150 0.127 0.008 0.043 0.074 0.102
GLN 0.021 0.085 0.100 0.056 0.112 0.049 0.110
ASN 0.024 0.083 0.031 0.012 0.085 0.043 0.063
SER 0.019 0.059 0.115 0.023 0.048 0.097 0.028
THR 0.045 0.031 0.048 0.064 0.029 0.018 0.036
CYS 0.006 0.000 0.020 0.000 0.000 0.022 0.007
TRP 0.000 0.018 0.000 0.003 0.000 0.000 0.000
PRO 0.000 0.000 0.000 0.000 0.000 0.000 0.000