ALA 0.0580 0.1014 0.1014 0.0725 0.0290 0.1159 0.0580
CYS 0.0145 0.0000 0.0000 0.0290 0.0000 0.0000 0.0000
GLU 0.0435 0.1014 0.2174 0.0000 0.1449 0.2029 0.2029
ASP 0.0000 0.1304 0.0580 0.0000 0.0145 0.0725 0.0435
GLY 0.0000 0.0145 0.0290 0.0000 0.0000 0.0145 0.0290
PHE 0.0145 0.0000 0.0000 0.0290 0.0145 0.0145 0.0000
ILE 0.2029 0.0290 0.0000 0.1159 0.0290 0.0000 0.0290
HIS 0.0000 0.0145 0.0290 0.0145 0.0145 0.0145 0.0000
LYS 0.0580 0.1739 0.0580 0.0145 0.1159 0.1014 0.2174
MET 0.0725 0.0000 0.0000 0.0145 0.0145 0.0000 0.0000
LEU 0.2319 0.0435 0.0145 0.4348 0.1159 0.0145 0.0435
ASN 0.0290 0.0580 0.0290 0.0000 0.0580 0.1014 0.0580
GLN 0.0000 0.1014 0.2899 0.1014 0.1739 0.1304 0.1304
PRO 0.0145 0.0145 0.0000 0.0000 0.0000 0.0000 0.0000
SER 0.0290 0.0725 0.0725 0.0290 0.0580 0.0870 0.0580
ARG 0.0000 0.0435 0.0435 0.0000 0.1159 0.0580 0.0725
THR 0.0145 0.0000 0.0290 0.0580 0.0435 0.0435 0.0145
TRP 0.0000 0.0000 0.0000 0.0000 0.0145 0.0000 0.0000
VAL 0.1739 0.1014 0.0290 0.0725 0.0435 0.0145 0.0290
TYR 0.0435 0.0000 0.0000 0.0145 0.0000 0.0145 0.0145
