ALA 0.1875 0.0688 0.1000 0.0688 0.0312 0.1500 0.1750
CYS 0.0000 0.0000 0.0125 0.0063 0.0063 0.0375 0.0125
GLU 0.0375 0.1375 0.1062 0.1000 0.1437 0.1000 0.0875
ASP 0.0187 0.1375 0.0750 0.0063 0.0563 0.0563 0.0625
GLY 0.0000 0.0250 0.0625 0.0000 0.0000 0.0500 0.0250
PHE 0.0375 0.0125 0.0375 0.0875 0.0063 0.0250 0.0187
ILE 0.1000 0.0125 0.0250 0.0938 0.0750 0.0125 0.0750
HIS 0.0250 0.0375 0.0063 0.0063 0.0063 0.0312 0.0688
LYS 0.0250 0.0938 0.0563 0.0250 0.0563 0.1500 0.0125
MET 0.0125 0.0063 0.0500 0.0500 0.0250 0.0250 0.0250
LEU 0.2625 0.0750 0.1437 0.2938 0.1313 0.0250 0.1375
ASN 0.0187 0.0625 0.0500 0.0063 0.0625 0.0063 0.0250
GLN 0.0375 0.0563 0.0312 0.0250 0.1000 0.0875 0.1062
PRO 0.0312 0.0187 0.0000 0.0000 0.0125 0.0000 0.0000
SER 0.0375 0.0563 0.0312 0.0250 0.0375 0.0563 0.0187
ARG 0.0312 0.1000 0.0625 0.0187 0.0938 0.0875 0.0250
THR 0.0063 0.0250 0.0563 0.0250 0.0688 0.0250 0.0563
TRP 0.0063 0.0063 0.0125 0.0063 0.0063 0.0125 0.0125
VAL 0.1000 0.0625 0.0500 0.0875 0.0625 0.0125 0.0312
TYR 0.0250 0.0063 0.0312 0.0688 0.0187 0.0500 0.0250
