ALA 0.0000 0.1818 0.1364 0.0455 0.1364 0.0909 0.1818
CYS 0.0000 0.0000 0.0000 0.0000 0.0000 0.0000 0.0000
GLU 0.0455 0.0000 0.0000 0.0000 0.1818 0.2273 0.3182
ASP 0.0455 0.1364 0.0455 0.0000 0.0909 0.1364 0.0455
GLY 0.0000 0.0000 0.0455 0.0000 0.0000 0.0455 0.0455
PHE 0.0000 0.0455 0.0000 0.0000 0.1364 0.0000 0.0000
ILE 0.1364 0.0455 0.0455 0.0000 0.0455 0.0455 0.0000
HIS 0.0000 0.0455 0.0000 0.0000 0.0000 0.0000 0.0000
LYS 0.0455 0.1818 0.0909 0.0455 0.0909 0.0909 0.1818
MET 0.0000 0.0000 0.0455 0.0000 0.0000 0.0455 0.0000
LEU 0.1818 0.0455 0.0000 0.7273 0.0455 0.0909 0.0455
ASN 0.0455 0.0000 0.0455 0.0000 0.0000 0.0000 0.0000
GLN 0.0000 0.0455 0.2727 0.0000 0.0455 0.0909 0.0455
PRO 0.0000 0.0000 0.0909 0.0000 0.0000 0.0000 0.0000
SER 0.0455 0.0455 0.0000 0.0455 0.0455 0.0455 0.0455
ARG 0.0000 0.0455 0.0909 0.0000 0.0909 0.0455 0.0455
THR 0.1364 0.0909 0.0455 0.0455 0.0000 0.0000 0.0000
TRP 0.0000 0.0000 0.0000 0.0000 0.0000 0.0000 0.0000
VAL 0.3182 0.0909 0.0455 0.0455 0.0455 0.0455 0.0455
TYR 0.0000 0.0000 0.0000 0.0455 0.0455 0.0000 0.0000
