ALA 0.0690 0.1034 0.0690 0.1034 0.1034 0.0690 0.0345
CYS 0.0000 0.0000 0.0000 0.0000 0.0000 0.0000 0.0000
GLU 0.0000 0.1724 0.2759 0.0000 0.2759 0.3448 0.2414
ASP 0.0000 0.1379 0.1379 0.0000 0.0000 0.0690 0.0690
GLY 0.0000 0.0345 0.0000 0.0000 0.0000 0.0000 0.0000
PHE 0.0000 0.0000 0.0000 0.0690 0.0345 0.0345 0.0000
ILE 0.1034 0.0000 0.0000 0.0000 0.0345 0.0000 0.0000
HIS 0.0000 0.0000 0.1034 0.0000 0.0000 0.0000 0.0000
LYS 0.0690 0.1379 0.0345 0.0690 0.1034 0.1379 0.1724
MET 0.0690 0.0000 0.0000 0.0690 0.0345 0.0000 0.0000
LEU 0.2759 0.0345 0.0345 0.4138 0.1034 0.0690 0.1034
ASN 0.0690 0.1034 0.0345 0.0000 0.0345 0.0000 0.0000
GLN 0.0345 0.0690 0.1034 0.0345 0.0345 0.0345 0.1379
PRO 0.0000 0.0000 0.0000 0.0000 0.0000 0.0000 0.0000
SER 0.0345 0.0345 0.0345 0.0000 0.0000 0.0345 0.0000
ARG 0.0345 0.0690 0.1034 0.0345 0.1379 0.1379 0.1034
THR 0.0000 0.0690 0.0345 0.0690 0.0000 0.0345 0.1034
TRP 0.0000 0.0000 0.0000 0.0000 0.0000 0.0000 0.0000
VAL 0.1034 0.0345 0.0345 0.1379 0.1034 0.0000 0.0345
TYR 0.1379 0.0000 0.0000 0.0000 0.0000 0.0345 0.0000
