A 1.35 2.71 0.31 0.29 1.94 1.55 0.31
C  0    0     0    0    0    0   0
D  0   1.15 0.58   0    0  1.67 1.15
E 0.40 1.91 2.86   0  4.16 2.77 4.76
F  0    0     0    0    0    0   0
G  0    0     0    0    0    0  0.89
H  0    0   2.71   0    0    0   0
I 1.77 0.52   0    0  0.51   0   0
K 0.86 1.53 0.51 0.37 1.49 1.49 3.57
L 2.18 0.32 0.64 7.61 0.62 0.31  0
M  0    0   3.84 4.59   0    0   0
N 4.04 2.73 0.68   0    0  2.65  0
P  0    0   0.62 0.44   0    0   0
Q 0.65 0.76 4.58   0  2.96 0.74 2.29
R 0.41 1.17 1.17 0.42 2.85 1.71 2.94
S 0.36 1.70   0  0.30 0.41 2.06  0
T 0.45 0.53 2.14 0.38 1.04 1.04 1.07
V 3.12 0.46 1.38 0.33 0.89 0.89 0.46
W  0    0     0    0    0    0   0
Y 0.80 1.81   0  0.68   0    0   0

