ALA 0.0818 0.0771 0.0661 0.0887 0.0367 0.0511 0.0960
CYS 0.0000 0.0000 0.0000 0.0338 0.0000 0.0584 0.0000
GLU 0.0311 0.0688 0.0904 0.0750 0.0772 0.0864 0.0596
ASP 0.0052 0.0552 0.0883 0.0321 0.0729 0.0860 0.0121
GLY 0.0000 0.0375 0.0418 0.0040 0.0256 0.0187 0.0092
PHE 0.0484 0.0266 0.0439 0.0550 0.0426 0.0472 0.0310
ILE 0.1652 0.0250 0.0124 0.0916 0.0847 0.0388 0.0543
HIS 0.0628 0.0813 0.0160 0.0252 0.0469 0.0722 0.1837
LYS 0.0190 0.1167 0.0785 0.0235 0.0650 0.0761 0.0320
MET 0.0835 0.0615 0.0305 0.0944 0.0442 0.0408 0.0936
LEU 0.1704 0.0542 0.0687 0.2084 0.0698 0.0172 0.0538
ASN 0.0507 0.0823 0.0486 0.0126 0.0234 0.0874 0.0286
GLN 0.0495 0.0641 0.0904 0.0424 0.1060 0.0570 0.1115
PRO 0.0000 0.0000 0.0145 0.0000 0.0144 0.0000 0.0000
SER 0.0593 0.0406 0.0300 0.0160 0.0197 0.0408 0.0402
ARG 0.0380 0.0708 0.0764 0.0269 0.1358 0.0874 0.0553
THR 0.0351 0.0641 0.0377 0.0349 0.0309 0.0683 0.0557
TRP 0.0000 0.0292 0.1157 0.0177 0.0282 0.0260 0.0257
VAL 0.0294 0.0109 0.0274 0.0212 0.0325 0.0201 0.0480
TYR 0.0708 0.0344 0.0227 0.0967 0.0437 0.0201 0.0097
