0 0.0
1 0.00550767857143
2 0.0110153571429
3 0.0165230357143
4 0.0220307142857
5 0.0275383928571
6 0.0330460714286
7 0.03855375
8 0.0440614285714
9 0.0495691071429
10 0.0550767857143
11 0.0605844642857
12 0.0660921428571
13 0.0715998214286
14 0.0771075
15 0.0826151785714
16 0.0881228571429
17 0.0936305357143
18 0.0991382142857
19 0.104645892857
20 0.110153571429
21 0.11566125
22 0.121168928571
23 0.126676607143
24 0.132184285714
25 0.137691964286
26 0.143199642857
27 0.148707321429
28 0.154215
29 0.159722678571
30 0.165230357143
31 0.170738035714
32 0.176245714286
33 0.181753392857
34 0.187261071429
35 0.19276875
36 0.198276428571
37 0.203784107143
38 0.209291785714
39 0.214799464286
40 0.220307142857
41 0.225814821429
42 0.2313225
43 0.236830178571
44 0.242337857143
45 0.247845535714
46 0.253353214286
47 0.258860892857
48 0.264368571429
49 0.26987625
50 0.275383928571
51 0.280891607143
52 0.286399285714
53 0.291906964286
54 0.297414642857
55 0.302922321429
56 0.30843
57 0.313937678571
58 0.319445357143
59 0.324953035714
60 0.330460714286
61 0.335968392857
62 0.341476071429
63 0.34698375
64 0.352491428571
65 0.357999107143
66 0.363506785714
67 0.369014464286
68 0.374522142857
69 0.380029821429
70 0.3855375
71 0.391045178571
72 0.396552857143
73 0.402060535714
74 0.407568214286
75 0.413075892857
76 0.418583571429
77 0.42409125
78 0.429598928571
79 0.435106607143
80 0.440614285714
81 0.446121964286
82 0.451629642857
83 0.457137321429
84 0.462645
85 0.468152678571
86 0.473660357143
87 0.479168035714
88 0.484675714286
89 0.490183392857
90 0.495691071429
91 0.50119875
92 0.506706428571
93 0.512214107143
94 0.517721785714
95 0.523229464286
96 0.528737142857
97 0.534244821429
98 0.5397525
99 0.545260178571
100 0.550767857143
101 0.556275535714
102 0.561783214286
103 0.567290892857
104 0.572798571429
105 0.57830625
106 0.583813928571
107 0.589321607143
108 0.594829285714
109 0.600336964286
110 0.605844642857
111 0.611352321429
112 0.61686
113 0.622367678571
114 0.627875357143
115 0.633383035714
116 0.638890714286
117 0.644398392857
118 0.649906071429
119 0.65541375
120 0.660921428571
121 0.666429107143
122 0.671936785714
123 0.677444464286
124 0.682952142857
125 0.688459821429
126 0.6939675
127 0.699475178571
128 0.704982857143
129 0.710490535714
130 0.715998214286
131 0.721505892857
132 0.727013571429
133 0.73252125
134 0.738028928571
135 0.743536607143
136 0.749044285714
137 0.754551964286
138 0.760059642857
139 0.765567321429
140 0.771075
141 0.776582678571
142 0.782090357143
143 0.787598035714
144 0.793105714286
145 0.798613392857
146 0.804121071429
147 0.80962875
148 0.815136428571
149 0.820644107143
150 0.826151785714
151 0.831659464286
152 0.837167142857
153 0.842674821429
154 0.8481825
155 0.853690178571
156 0.859197857143
157 0.864705535714
158 0.870213214286
159 0.875720892857
160 0.881228571429
161 0.88673625
162 0.892243928571
163 0.897751607143
164 0.903259285714
165 0.908766964286
166 0.914274642857
167 0.919782321429
168 0.92529
169 0.930797678571
170 0.936305357143
171 0.941813035714
172 0.947320714286
173 0.952828392857
174 0.958336071429
175 0.96384375
176 0.969351428571
177 0.974859107143
178 0.980366785714
179 0.985874464286
180 0.991382142857
181 0.996889821429
182 1.0023975
183 1.00790517857
184 1.01341285714
185 1.01892053571
186 1.02442821429
187 1.02993589286
188 1.03544357143
189 1.04095125
190 1.04645892857
191 1.05196660714
192 1.05747428571
193 1.06298196429
194 1.06848964286
195 1.07399732143
196 1.079505
197 1.08501267857
198 1.09052035714
199 1.09602803571
200 1.10153571429
201 1.10704339286
202 1.11255107143
203 1.11805875
204 1.12356642857
205 1.12907410714
206 1.13458178571
207 1.14008946429
208 1.14559714286
209 1.15110482143
210 1.1566125
211 1.16212017857
212 1.16762785714
213 1.17313553571
214 1.17864321429
215 1.18415089286
216 1.18965857143
217 1.19516625
218 1.20067392857
219 1.20618160714
220 1.21168928571
221 1.21719696429
222 1.22270464286
223 1.22821232143
224 1.23372
225 1.23922767857
226 1.24473535714
227 1.25024303571
228 1.25575071429
229 1.26125839286
230 1.26676607143
231 1.27227375
232 1.27778142857
233 1.28328910714
234 1.28879678571
235 1.29430446429
236 1.29981214286
237 1.30531982143
238 1.3108275
239 1.31633517857
240 1.32184285714
241 1.32735053571
242 1.33285821429
243 1.33836589286
244 1.34387357143
245 1.34938125
246 1.35488892857
247 1.36039660714
248 1.36590428571
249 1.37141196429
250 1.37691964286
251 1.38242732143
252 1.387935
253 1.39344267857
254 1.39895035714
255 1.40445803571
256 1.40996571429
257 1.41547339286
258 1.42098107143
259 1.42648875
260 1.43199642857
261 1.43750410714
262 1.44301178571
263 1.44851946429
264 1.45402714286
265 1.45953482143
266 1.4650425
267 1.47055017857
268 1.47605785714
269 1.48156553571
270 1.48707321429
271 1.49258089286
272 1.49808857143
273 1.50359625
274 1.50910392857
275 1.51461160714
276 1.52011928571
277 1.52562696429
278 1.53113464286
279 1.53664232143
280 1.54215
281 1.54765767857
282 1.55316535714
283 1.55867303571
284 1.56418071429
285 1.56968839286
286 1.57519607143
287 1.58070375
288 1.58621142857
289 1.59171910714
290 1.59722678571
291 1.60273446429
292 1.60824214286
293 1.61374982143
294 1.6192575
295 1.62476517857
296 1.63027285714
297 1.63578053571
298 1.64128821429
299 1.64679589286
300 1.65230357143
301 1.65781125
302 1.66331892857
303 1.66882660714
304 1.67433428571
305 1.67984196429
306 1.68534964286
307 1.69085732143
308 1.696365
309 1.70187267857
310 1.70738035714
311 1.71288803571
312 1.71839571429
313 1.72390339286
314 1.72941107143
315 1.73491875
316 1.74042642857
317 1.74593410714
318 1.75144178571
319 1.75694946429
320 1.76245714286
321 1.76796482143
322 1.7734725
323 1.77898017857
324 1.78448785714
325 1.78999553571
326 1.79550321429
327 1.80101089286
328 1.80651857143
329 1.81202625
330 1.81753392857
331 1.82304160714
332 1.82854928571
333 1.83405696429
334 1.83956464286
335 1.84507232143
336 1.85058
337 1.85608767857
338 1.86159535714
339 1.86710303571
340 1.87261071429
341 1.87811839286
342 1.88362607143
343 1.88913375
344 1.89464142857
345 1.90014910714
346 1.90565678571
347 1.91116446429
348 1.91667214286
349 1.92217982143
350 1.9276875
351 1.93319517857
352 1.93870285714
353 1.94421053571
354 1.94971821429
355 1.95522589286
356 1.96073357143
357 1.96624125
358 1.97174892857
359 1.97725660714
360 1.98276428571
361 1.98827196429
362 1.99377964286
363 1.99928732143
364 2.004795
365 2.01030267857
366 2.01581035714
367 2.02131803571
368 2.02682571429
369 2.03233339286
370 2.03784107143
371 2.04334875
372 2.04885642857
373 2.05436410714
374 2.05987178571
375 2.06537946429
376 2.07088714286
377 2.07639482143
378 2.0819025
379 2.08741017857
380 2.09291785714
381 2.09842553571
382 2.10393321429
383 2.10944089286
384 2.11494857143
385 2.12045625
386 2.12596392857
387 2.13147160714
388 2.13697928571
389 2.14248696429
390 2.14799464286
391 2.15350232143
392 2.15901
393 2.16451767857
394 2.17002535714
395 2.17553303571
396 2.18104071429
397 2.18654839286
398 2.19205607143
399 2.19756375
400 2.20307142857
401 2.20857910714
402 2.21408678571
403 2.21959446429
404 2.22510214286
405 2.23060982143
406 2.2361175
407 2.24162517857
408 2.24713285714
409 2.25264053571
410 2.25814821429
411 2.26365589286
412 2.26916357143
413 2.27467125
414 2.28017892857
415 2.28568660714
416 2.29119428571
417 2.29670196429
418 2.30220964286
419 2.30771732143
420 2.313225
421 2.31873267857
422 2.32424035714
423 2.32974803571
424 2.33525571429
425 2.34076339286
426 2.34627107143
427 2.35177875
428 2.35728642857
429 2.36279410714
430 2.36830178571
431 2.37380946429
432 2.37931714286
433 2.38482482143
434 2.3903325
435 2.39584017857
436 2.40134785714
437 2.40685553571
438 2.41236321429
439 2.41787089286
440 2.42337857143
441 2.42888625
442 2.43439392857
443 2.43990160714
444 2.44540928571
445 2.45091696429
446 2.45642464286
447 2.46193232143
448 2.46744
449 2.47294767857
450 2.47845535714
451 2.48396303571
452 2.48947071429
453 2.49497839286
454 2.50048607143
455 2.50599375
456 2.51150142857
457 2.51700910714
458 2.52251678571
459 2.52802446429
460 2.53353214286
461 2.53903982143
462 2.5445475
463 2.55005517857
464 2.55556285714
465 2.56107053571
466 2.56657821429
467 2.57208589286
468 2.57759357143
469 2.58310125
470 2.58860892857
471 2.59411660714
472 2.59962428571
473 2.60513196429
474 2.61063964286
475 2.61614732143
476 2.621655
477 2.62716267857
478 2.63267035714
479 2.63817803571
480 2.64368571429
481 2.64919339286
482 2.65470107143
483 2.66020875
484 2.66571642857
485 2.67122410714
486 2.67673178571
487 2.68223946429
488 2.68774714286
489 2.69325482143
490 2.6987625
491 2.70427017857
492 2.70977785714
493 2.71528553571
494 2.72079321429
495 2.72630089286
496 2.73180857143
497 2.73731625
498 2.74282392857
499 2.74833160714
500 2.75383928571
501 2.75934696429
502 2.76485464286
503 2.77036232143
504 2.77587
505 2.78137767857
506 2.78688535714
507 2.79239303571
508 2.79790071429
509 2.80340839286
510 2.80891607143
511 2.81442375
512 2.81993142857
513 2.82543910714
514 2.83094678571
515 2.83645446429
516 2.84196214286
517 2.84746982143
518 2.8529775
519 2.85848517857
520 2.86399285714
521 2.86950053571
522 2.87500821429
523 2.88051589286
524 2.88602357143
525 2.89153125
526 2.89703892857
527 2.90254660714
528 2.90805428571
529 2.91356196429
530 2.91906964286
531 2.92457732143
532 2.930085
533 2.93559267857
534 2.94110035714
535 2.94660803571
536 2.95211571429
537 2.95762339286
538 2.96313107143
539 2.96863875
540 2.97414642857
541 2.97965410714
542 2.98516178571
543 2.99066946429
544 2.99617714286
545 3.00168482143
546 3.0071925
547 3.01270017857
548 3.01820785714
549 3.02371553571
550 3.02922321429
551 3.03473089286
552 3.04023857143
553 3.04574625
554 3.05125392857
555 3.05676160714
556 3.06226928571
557 3.06777696429
558 3.07328464286
559 3.07879232143
560 3.0843
561 3.08980767857
562 3.09531535714
563 3.10082303571
564 3.10633071429
565 3.11183839286
566 3.11734607143
567 3.12285375
568 3.12836142857
569 3.13386910714
570 3.13937678571
571 3.14488446429
572 3.15039214286
573 3.15589982143
574 3.1614075
575 3.16691517857
576 3.17242285714
577 3.17793053571
578 3.18343821429
579 3.18894589286
580 3.19445357143
581 3.19996125
582 3.20546892857
583 3.21097660714
584 3.21648428571
585 3.22199196429
586 3.22749964286
587 3.23300732143
588 3.238515
589 3.24402267857
590 3.24953035714
591 3.25503803571
592 3.26054571429
593 3.26605339286
594 3.27156107143
595 3.27706875
596 3.28257642857
597 3.28808410714
598 3.29359178571
599 3.29909946429
600 3.30460714286
601 3.31011482143
602 3.3156225
603 3.32113017857
604 3.32663785714
605 3.33214553571
606 3.33765321429
607 3.34316089286
608 3.34866857143
609 3.35417625
610 3.35968392857
611 3.36519160714
612 3.37069928571
613 3.37620696429
614 3.38171464286
615 3.38722232143
616 3.39273
617 3.39823767857
618 3.40374535714
619 3.40925303571
620 3.41476071429
621 3.42026839286
622 3.42577607143
623 3.43128375
624 3.43679142857
625 3.44229910714
626 3.44780678571
627 3.45331446429
628 3.45882214286
629 3.46432982143
630 3.4698375
631 3.47534517857
632 3.48085285714
633 3.48636053571
634 3.49186821429
635 3.49737589286
636 3.50288357143
637 3.50839125
638 3.51389892857
639 3.51940660714
640 3.52491428571
641 3.53042196429
642 3.53592964286
643 3.54143732143
644 3.546945
645 3.55245267857
646 3.55796035714
647 3.56346803571
648 3.56897571429
649 3.57448339286
650 3.57999107143
651 3.58549875
652 3.59100642857
653 3.59651410714
654 3.60202178571
655 3.60752946429
656 3.61303714286
657 3.61854482143
658 3.6240525
659 3.62956017857
660 3.63506785714
661 3.64057553571
662 3.64608321429
663 3.65159089286
664 3.65709857143
665 3.66260625
666 3.66811392857
667 3.67362160714
668 3.67912928571
669 3.68463696429
670 3.69014464286
671 3.69565232143
672 3.70116
673 3.70666767857
674 3.71217535714
675 3.71768303571
676 3.72319071429
677 3.72869839286
678 3.73420607143
679 3.73971375
680 3.74522142857
681 3.75072910714
682 3.75623678571
683 3.76174446429
684 3.76725214286
685 3.77275982143
686 3.7782675
687 3.78377517857
688 3.78928285714
689 3.79479053571
690 3.80029821429
691 3.80580589286
692 3.81131357143
693 3.81682125
694 3.82232892857
695 3.82783660714
696 3.83334428571
697 3.83885196429
698 3.84435964286
699 3.84986732143
700 3.855375
701 3.86088267857
702 3.86639035714
703 3.87189803571
704 3.87740571429
705 3.88291339286
706 3.88842107143
707 3.89392875
708 3.89943642857
709 3.90494410714
710 3.91045178571
711 3.91595946429
712 3.92146714286
713 3.92697482143
714 3.9324825
715 3.93799017857
716 3.94349785714
717 3.94900553571
718 3.95451321429
719 3.96002089286
720 3.96552857143
721 3.97103625
722 3.97654392857
723 3.98205160714
724 3.98755928571
725 3.99306696429
726 3.99857464286
727 4.00408232143
728 4.00959
729 4.01509767857
730 4.02060535714
731 4.02611303571
732 4.03162071429
733 4.03712839286
734 4.04263607143
735 4.04814375
736 4.05365142857
737 4.05915910714
738 4.06466678571
739 4.07017446429
740 4.07568214286
741 4.08118982143
742 4.0866975
743 4.09220517857
744 4.09771285714
745 4.10322053571
746 4.10872821429
747 4.11423589286
748 4.11974357143
749 4.12525125
750 4.13075892857
751 4.13626660714
752 4.14177428571
753 4.14728196429
754 4.15278964286
755 4.15829732143
756 4.163805
757 4.16931267857
758 4.17482035714
759 4.18032803571
760 4.18583571429
761 4.19134339286
762 4.19685107143
763 4.20235875
764 4.20786642857
765 4.21337410714
766 4.21888178571
767 4.22438946429
768 4.22989714286
769 4.23540482143
770 4.2409125
771 4.24642017857
772 4.25192785714
773 4.25743553571
774 4.26294321429
775 4.26845089286
776 4.27395857143
777 4.27946625
778 4.28497392857
779 4.29048160714
780 4.29598928571
781 4.30149696429
782 4.30700464286
783 4.31251232143
784 4.31802
785 4.32352767857
786 4.32903535714
787 4.33454303571
788 4.34005071429
789 4.34555839286
790 4.35106607143
791 4.35657375
792 4.36208142857
793 4.36758910714
794 4.37309678571
795 4.37860446429
796 4.38411214286
797 4.38961982143
798 4.3951275
799 4.40063517857
800 4.40614285714
801 4.41165053571
802 4.41715821429
803 4.42266589286
804 4.42817357143
805 4.43368125
806 4.43918892857
807 4.44469660714
808 4.45020428571
809 4.45571196429
810 4.46121964286
811 4.46672732143
812 4.472235
813 4.47774267857
814 4.48325035714
815 4.48875803571
816 4.49426571429
817 4.49977339286
818 4.50528107143
819 4.51078875
820 4.51629642857
821 4.52180410714
822 4.52731178571
823 4.53281946429
824 4.53832714286
825 4.54383482143
826 4.5493425
827 4.55485017857
828 4.56035785714
829 4.56586553571
830 4.57137321429
831 4.57688089286
832 4.58238857143
833 4.58789625
834 4.59340392857
835 4.59891160714
836 4.60441928571
837 4.60992696429
838 4.61543464286
839 4.62094232143
840 4.62645
841 4.63195767857
842 4.63746535714
843 4.64297303571
844 4.64848071429
845 4.65398839286
846 4.65949607143
847 4.66500375
848 4.67051142857
849 4.67601910714
850 4.68152678571
851 4.68703446429
852 4.69254214286
853 4.69804982143
854 4.7035575
855 4.70906517857
856 4.71457285714
857 4.72008053571
858 4.72558821429
859 4.73109589286
860 4.73660357143
861 4.74211125
862 4.74761892857
863 4.75312660714
864 4.75863428571
865 4.76414196429
866 4.76964964286
867 4.77515732143
868 4.780665
869 4.78617267857
870 4.79168035714
871 4.79718803571
872 4.80269571429
873 4.80820339286
874 4.81371107143
875 4.81921875
876 4.82472642857
877 4.83023410714
878 4.83574178571
879 4.84124946429
880 4.84675714286
881 4.85226482143
882 4.8577725
883 4.86328017857
884 4.86878785714
885 4.87429553571
886 4.87980321429
887 4.88531089286
888 4.89081857143
889 4.89632625
890 4.90183392857
891 4.90734160714
892 4.91284928571
893 4.91835696429
894 4.92386464286
895 4.92937232143
896 4.93488
897 4.94038767857
898 4.94589535714
899 4.95140303571
900 4.95691071429
901 4.96241839286
902 4.96792607143
903 4.97343375
904 4.97894142857
905 4.98444910714
906 4.98995678571
907 4.99546446429
908 5.00097214286
909 5.00647982143
910 5.0119875
911 5.01749517857
912 5.02300285714
913 5.02851053571
914 5.03401821429
915 5.03952589286
916 5.04503357143
917 5.05054125
918 5.05604892857
919 5.06155660714
920 5.06706428571
921 5.07257196429
922 5.07807964286
923 5.08358732143
924 5.089095
925 5.09460267857
926 5.10011035714
927 5.10561803571
928 5.11112571429
929 5.11663339286
930 5.12214107143
931 5.12764875
932 5.13315642857
933 5.13866410714
934 5.14417178571
935 5.14967946429
936 5.15518714286
937 5.16069482143
938 5.1662025
939 5.17171017857
940 5.17721785714
941 5.18272553571
942 5.18823321429
943 5.19374089286
944 5.19924857143
945 5.20475625
946 5.21026392857
947 5.21577160714
948 5.22127928571
949 5.22678696429
950 5.23229464286
951 5.23780232143
952 5.24331
953 5.24881767857
954 5.25432535714
955 5.25983303571
956 5.26534071429
957 5.27084839286
958 5.27635607143
959 5.28186375
960 5.28737142857
961 5.29287910714
962 5.29838678571
963 5.30389446429
964 5.30940214286
965 5.31490982143
966 5.3204175
967 5.32592517857
968 5.33143285714
969 5.33694053571
970 5.34244821429
971 5.34795589286
972 5.35346357143
973 5.35897125
974 5.36447892857
975 5.36998660714
976 5.37549428571
977 5.38100196429
978 5.38650964286
979 5.39201732143
980 5.397525
981 5.40303267857
982 5.40854035714
983 5.41404803571
984 5.41955571429
985 5.42506339286
986 5.43057107143
987 5.43607875
988 5.44158642857
989 5.44709410714
990 5.45260178571
991 5.45810946429
992 5.46361714286
993 5.46912482143
994 5.4746325
995 5.48014017857
996 5.48564785714
997 5.49115553571
998 5.49666321429
999 5.50217089286
1000 5.50767857143
1001 5.51318625
1002 5.51869392857
1003 5.52420160714
1004 5.52970928571
1005 5.53521696429
1006 5.54072464286
1007 5.54623232143
1008 5.55174
1009 5.55724767857
1010 5.56275535714
1011 5.56826303571
1012 5.57377071429
1013 5.57927839286
1014 5.58478607143
1015 5.59029375
1016 5.59580142857
1017 5.60130910714
1018 5.60681678571
1019 5.61232446429
1020 5.61783214286
1021 5.62333982143
1022 5.6288475
1023 5.63435517857
1024 5.63986285714
1025 5.64537053571
1026 5.65087821429
1027 5.65638589286
1028 5.66189357143
1029 5.66740125
1030 5.67290892857
1031 5.67841660714
1032 5.68392428571
1033 5.68943196429
1034 5.69493964286
1035 5.70044732143
1036 5.705955
1037 5.71146267857
1038 5.71697035714
1039 5.72247803571
1040 5.72798571429
1041 5.73349339286
1042 5.73900107143
1043 5.74450875
1044 5.75001642857
1045 5.75552410714
1046 5.76103178571
1047 5.76653946429
1048 5.77204714286
1049 5.77755482143
1050 5.7830625
1051 5.78857017857
1052 5.79407785714
1053 5.79958553571
1054 5.80509321429
1055 5.81060089286
1056 5.81610857143
1057 5.82161625
1058 5.82712392857
1059 5.83263160714
1060 5.83813928571
1061 5.84364696429
1062 5.84915464286
1063 5.85466232143
1064 5.86017
1065 5.86567767857
1066 5.87118535714
1067 5.87669303571
1068 5.88220071429
1069 5.88770839286
1070 5.89321607143
1071 5.89872375
1072 5.90423142857
1073 5.90973910714
1074 5.91524678571
1075 5.92075446429
1076 5.92626214286
1077 5.93176982143
1078 5.9372775
1079 5.94278517857
1080 5.94829285714
1081 5.95380053571
1082 5.95930821429
1083 5.96481589286
1084 5.97032357143
1085 5.97583125
1086 5.98133892857
1087 5.98684660714
1088 5.99235428571
1089 5.99786196429
1090 6.00336964286
1091 6.00887732143
1092 6.014385
1093 6.01989267857
1094 6.02540035714
1095 6.03090803571
1096 6.03641571429
1097 6.04192339286
1098 6.04743107143
1099 6.05293875
1100 6.05844642857
1101 6.06395410714
1102 6.06946178571
1103 6.07496946429
1104 6.08047714286
1105 6.08598482143
1106 6.0914925
1107 6.09700017857
1108 6.10250785714
1109 6.10801553571
1110 6.11352321429
1111 6.11903089286
1112 6.12453857143
1113 6.13004625
1114 6.13555392857
1115 6.14106160714
1116 6.14656928571
1117 6.15207696429
1118 6.15758464286
1119 6.16309232143
1120 6.1686
1121 6.17410767857
1122 6.17961535714
1123 6.18512303571
1124 6.19063071429
1125 6.19613839286
1126 6.20164607143
1127 6.20715375
1128 6.21266142857
1129 6.21816910714
1130 6.22367678571
1131 6.22918446429
1132 6.23469214286
1133 6.24019982143
1134 6.2457075
1135 6.25121517857
1136 6.25672285714
1137 6.26223053571
1138 6.26773821429
1139 6.27324589286
1140 6.27875357143
1141 6.28426125
1142 6.28976892857
1143 6.29527660714
1144 6.30078428571
1145 6.30629196429
1146 6.31179964286
1147 6.31730732143
1148 6.322815
1149 6.32832267857
1150 6.33383035714
1151 6.33933803571
1152 6.34484571429
1153 6.35035339286
1154 6.35586107143
1155 6.36136875
1156 6.36687642857
1157 6.37238410714
1158 6.37789178571
1159 6.38339946429
1160 6.38890714286
1161 6.39441482143
1162 6.3999225
1163 6.40543017857
1164 6.41093785714
1165 6.41644553571
1166 6.42195321429
1167 6.42746089286
1168 6.43296857143
1169 6.43847625
1170 6.44398392857
1171 6.44949160714
1172 6.45499928571
1173 6.46050696429
1174 6.46601464286
1175 6.47152232143
1176 6.47703
1177 6.48253767857
1178 6.48804535714
1179 6.49355303571
1180 6.49906071429
1181 6.50456839286
1182 6.51007607143
1183 6.51558375
1184 6.52109142857
1185 6.52659910714
1186 6.53210678571
1187 6.53761446429
1188 6.54312214286
1189 6.54862982143
1190 6.5541375
1191 6.55964517857
1192 6.56515285714
1193 6.57066053571
1194 6.57616821429
1195 6.58167589286
1196 6.58718357143
1197 6.59269125
1198 6.59819892857
1199 6.60370660714
1200 6.60921428571
1201 6.61472196429
1202 6.62022964286
1203 6.62573732143
1204 6.631245
1205 6.63675267857
1206 6.64226035714
1207 6.64776803571
1208 6.65327571429
1209 6.65878339286
1210 6.66429107143
1211 6.66979875
1212 6.67530642857
1213 6.68081410714
1214 6.68632178571
1215 6.69182946429
1216 6.69733714286
1217 6.70284482143
1218 6.7083525
1219 6.71386017857
1220 6.71936785714
1221 6.72487553571
1222 6.73038321429
1223 6.73589089286
1224 6.74139857143
1225 6.74690625
1226 6.75241392857
1227 6.75792160714
1228 6.76342928571
1229 6.76893696429
1230 6.77444464286
1231 6.77995232143
1232 6.78546
1233 6.79096767857
1234 6.79647535714
1235 6.80198303571
1236 6.80749071429
1237 6.81299839286
1238 6.81850607143
1239 6.82401375
1240 6.82952142857
1241 6.83502910714
1242 6.84053678571
1243 6.84604446429
1244 6.85155214286
1245 6.85705982143
1246 6.8625675
1247 6.86807517857
1248 6.87358285714
1249 6.87909053571
1250 6.88459821429
1251 6.89010589286
1252 6.89561357143
1253 6.90112125
1254 6.90662892857
1255 6.91213660714
1256 6.91764428571
1257 6.92315196429
1258 6.92865964286
1259 6.93416732143
1260 6.939675
1261 6.94518267857
1262 6.95069035714
1263 6.95619803571
1264 6.96170571429
1265 6.96721339286
1266 6.97272107143
1267 6.97822875
1268 6.98373642857
1269 6.98924410714
1270 6.99475178571
1271 7.00025946429
1272 7.00576714286
1273 7.01127482143
1274 7.0167825
1275 7.02229017857
1276 7.02779785714
1277 7.03330553571
1278 7.03881321429
1279 7.04432089286
1280 7.04982857143
1281 7.05533625
1282 7.06084392857
1283 7.06635160714
1284 7.07185928571
1285 7.07736696429
1286 7.08287464286
1287 7.08838232143
1288 7.09389
1289 7.09939767857
1290 7.10490535714
1291 7.11041303571
1292 7.11592071429
1293 7.12142839286
1294 7.12693607143
1295 7.13244375
1296 7.13795142857
1297 7.14345910714
1298 7.14896678571
1299 7.15447446429
1300 7.15998214286
1301 7.16548982143
1302 7.1709975
1303 7.17650517857
1304 7.18201285714
1305 7.18752053571
1306 7.19302821429
1307 7.19853589286
1308 7.20404357143
1309 7.20955125
1310 7.21505892857
1311 7.22056660714
1312 7.22607428571
1313 7.23158196429
1314 7.23708964286
1315 7.24259732143
1316 7.248105
1317 7.25361267857
1318 7.25912035714
1319 7.26462803571
1320 7.27013571429
1321 7.27564339286
1322 7.28115107143
1323 7.28665875
1324 7.29216642857
1325 7.29767410714
1326 7.30318178571
1327 7.30868946429
1328 7.31419714286
1329 7.31970482143
1330 7.3252125
1331 7.33072017857
1332 7.33622785714
1333 7.34173553571
1334 7.34724321429
1335 7.35275089286
1336 7.35825857143
1337 7.36376625
1338 7.36927392857
1339 7.37478160714
1340 7.38028928571
1341 7.38579696429
1342 7.39130464286
1343 7.39681232143
1344 7.40232
1345 7.40782767857
1346 7.41333535714
1347 7.41884303571
1348 7.42435071429
1349 7.42985839286
1350 7.43536607143
1351 7.44087375
1352 7.44638142857
1353 7.45188910714
1354 7.45739678571
1355 7.46290446429
1356 7.46841214286
1357 7.47391982143
1358 7.4794275
1359 7.48493517857
1360 7.49044285714
1361 7.49595053571
1362 7.50145821429
1363 7.50696589286
1364 7.51247357143
1365 7.51798125
1366 7.52348892857
1367 7.52899660714
1368 7.53450428571
1369 7.54001196429
1370 7.54551964286
1371 7.55102732143
1372 7.556535
1373 7.56204267857
1374 7.56755035714
1375 7.57305803571
1376 7.57856571429
1377 7.58407339286
1378 7.58958107143
1379 7.59508875
1380 7.60059642857
1381 7.60610410714
1382 7.61161178571
1383 7.61711946429
1384 7.62262714286
1385 7.62813482143
1386 7.6336425
1387 7.63915017857
1388 7.64465785714
1389 7.65016553571
1390 7.65567321429
1391 7.66118089286
1392 7.66668857143
1393 7.67219625
1394 7.67770392857
1395 7.68321160714
1396 7.68871928571
1397 7.69422696429
1398 7.69973464286
1399 7.70524232143
1400 7.71075
1401 7.71625767857
1402 7.72176535714
1403 7.72727303571
1404 7.73278071429
1405 7.73828839286
1406 7.74379607143
1407 7.74930375
1408 7.75481142857
1409 7.76031910714
1410 7.76582678571
1411 7.77133446429
1412 7.77684214286
1413 7.78234982143
1414 7.7878575
1415 7.79336517857
1416 7.79887285714
1417 7.80438053571
1418 7.80988821429
1419 7.81539589286
1420 7.82090357143
1421 7.82641125
1422 7.83191892857
1423 7.83742660714
1424 7.84293428571
1425 7.84844196429
1426 7.85394964286
1427 7.85945732143
1428 7.864965
1429 7.87047267857
1430 7.87598035714
1431 7.88148803571
1432 7.88699571429
1433 7.89250339286
1434 7.89801107143
1435 7.90351875
1436 7.90902642857
1437 7.91453410714
1438 7.92004178571
1439 7.92554946429
1440 7.93105714286
1441 7.93656482143
1442 7.9420725
1443 7.94758017857
1444 7.95308785714
1445 7.95859553571
1446 7.96410321429
1447 7.96961089286
1448 7.97511857143
1449 7.98062625
1450 7.98613392857
1451 7.99164160714
1452 7.99714928571
1453 8.00265696429
1454 8.00816464286
1455 8.01367232143
1456 8.01918
1457 8.02468767857
1458 8.03019535714
1459 8.03570303571
1460 8.04121071429
1461 8.04671839286
1462 8.05222607143
1463 8.05773375
1464 8.06324142857
1465 8.06874910714
1466 8.07425678571
1467 8.07976446429
1468 8.08527214286
1469 8.09077982143
1470 8.0962875
1471 8.10179517857
1472 8.10730285714
1473 8.11281053571
1474 8.11831821429
1475 8.12382589286
1476 8.12933357143
1477 8.13484125
1478 8.14034892857
1479 8.14585660714
1480 8.15136428571
1481 8.15687196429
1482 8.16237964286
1483 8.16788732143
1484 8.173395
1485 8.17890267857
1486 8.18441035714
1487 8.18991803571
1488 8.19542571429
1489 8.20093339286
1490 8.20644107143
1491 8.21194875
1492 8.21745642857
1493 8.22296410714
1494 8.22847178571
1495 8.23397946429
1496 8.23948714286
1497 8.24499482143
1498 8.2505025
1499 8.25601017857
1500 8.26151785714
1501 8.26702553571
1502 8.27253321429
1503 8.27804089286
1504 8.28354857143
1505 8.28905625
1506 8.29456392857
1507 8.30007160714
1508 8.30557928571
1509 8.31108696429
1510 8.31659464286
1511 8.32210232143
1512 8.32761
1513 8.33311767857
1514 8.33862535714
1515 8.34413303571
1516 8.34964071429
1517 8.35514839286
1518 8.36065607143
1519 8.36616375
1520 8.37167142857
1521 8.37717910714
1522 8.38268678571
1523 8.38819446429
1524 8.39370214286
1525 8.39920982143
1526 8.4047175
1527 8.41022517857
1528 8.41573285714
1529 8.42124053571
1530 8.42674821429
1531 8.43225589286
1532 8.43776357143
1533 8.44327125
1534 8.44877892857
1535 8.45428660714
1536 8.45979428571
1537 8.46530196429
1538 8.47080964286
1539 8.47631732143
1540 8.481825
1541 8.48733267857
1542 8.49284035714
1543 8.49834803571
1544 8.50385571429
1545 8.50936339286
1546 8.51487107143
1547 8.52037875
1548 8.52588642857
1549 8.53139410714
1550 8.53690178571
1551 8.54240946429
1552 8.54791714286
1553 8.55342482143
1554 8.5589325
1555 8.56444017857
1556 8.56994785714
1557 8.57545553571
1558 8.58096321429
1559 8.58647089286
1560 8.59197857143
1561 8.59748625
1562 8.60299392857
1563 8.60850160714
1564 8.61400928571
1565 8.61951696429
1566 8.62502464286
1567 8.63053232143
1568 8.63604
1569 8.64154767857
1570 8.64705535714
1571 8.65256303571
1572 8.65807071429
1573 8.66357839286
1574 8.66908607143
1575 8.67459375
1576 8.68010142857
1577 8.68560910714
1578 8.69111678571
1579 8.69662446429
1580 8.70213214286
1581 8.70763982143
1582 8.7131475
1583 8.71865517857
1584 8.72416285714
1585 8.72967053571
1586 8.73517821429
1587 8.74068589286
1588 8.74619357143
1589 8.75170125
1590 8.75720892857
1591 8.76271660714
1592 8.76822428571
1593 8.77373196429
1594 8.77923964286
1595 8.78474732143
1596 8.790255
1597 8.79576267857
1598 8.80127035714
1599 8.80677803571
1600 8.81228571429
1601 8.81779339286
1602 8.82330107143
1603 8.82880875
1604 8.83431642857
1605 8.83982410714
1606 8.84533178571
1607 8.85083946429
1608 8.85634714286
1609 8.86185482143
1610 8.8673625
1611 8.87287017857
1612 8.87837785714
1613 8.88388553571
1614 8.88939321429
1615 8.89490089286
1616 8.90040857143
1617 8.90591625
1618 8.91142392857
1619 8.91693160714
1620 8.92243928571
1621 8.92794696429
1622 8.93345464286
1623 8.93896232143
1624 8.94447
1625 8.94997767857
1626 8.95548535714
1627 8.96099303571
1628 8.96650071429
1629 8.97200839286
1630 8.97751607143
1631 8.98302375
1632 8.98853142857
1633 8.99403910714
1634 8.99954678571
1635 9.00505446429
1636 9.01056214286
1637 9.01606982143
1638 9.0215775
1639 9.02708517857
1640 9.03259285714
1641 9.03810053571
1642 9.04360821429
1643 9.04911589286
1644 9.05462357143
1645 9.06013125
1646 9.06563892857
1647 9.07114660714
1648 9.07665428571
1649 9.08216196429
1650 9.08766964286
1651 9.09317732143
1652 9.098685
1653 9.10419267857
1654 9.10970035714
1655 9.11520803571
1656 9.12071571429
1657 9.12622339286
1658 9.13173107143
1659 9.13723875
1660 9.14274642857
1661 9.14825410714
1662 9.15376178571
1663 9.15926946429
1664 9.16477714286
1665 9.17028482143
1666 9.1757925
1667 9.18130017857
1668 9.18680785714
1669 9.19231553571
1670 9.19782321429
1671 9.20333089286
1672 9.20883857143
1673 9.21434625
1674 9.21985392857
1675 9.22536160714
1676 9.23086928571
1677 9.23637696429
1678 9.24188464286
1679 9.24739232143
1680 9.2529
1681 9.25840767857
1682 9.26391535714
1683 9.26942303571
1684 9.27493071429
1685 9.28043839286
1686 9.28594607143
1687 9.29145375
1688 9.29696142857
1689 9.30246910714
1690 9.30797678571
1691 9.31348446429
1692 9.31899214286
1693 9.32449982143
1694 9.3300075
1695 9.33551517857
1696 9.34102285714
1697 9.34653053571
1698 9.35203821429
1699 9.35754589286
1700 9.36305357143
1701 9.36856125
1702 9.37406892857
1703 9.37957660714
1704 9.38508428571
1705 9.39059196429
1706 9.39609964286
1707 9.40160732143
1708 9.407115
1709 9.41262267857
1710 9.41813035714
1711 9.42363803571
1712 9.42914571429
1713 9.43465339286
1714 9.44016107143
1715 9.44566875
1716 9.45117642857
1717 9.45668410714
1718 9.46219178571
1719 9.46769946429
1720 9.47320714286
1721 9.47871482143
1722 9.4842225
1723 9.48973017857
1724 9.49523785714
1725 9.50074553571
1726 9.50625321429
1727 9.51176089286
1728 9.51726857143
1729 9.52277625
1730 9.52828392857
1731 9.53379160714
1732 9.53929928571
1733 9.54480696429
1734 9.55031464286
1735 9.55582232143
1736 9.56133
1737 9.56683767857
1738 9.57234535714
1739 9.57785303571
1740 9.58336071429
1741 9.58886839286
1742 9.59437607143
1743 9.59988375
1744 9.60539142857
1745 9.61089910714
1746 9.61640678571
1747 9.62191446429
1748 9.62742214286
1749 9.63292982143
1750 9.6384375
1751 9.64394517857
1752 9.64945285714
1753 9.65496053571
1754 9.66046821429
1755 9.66597589286
1756 9.67148357143
1757 9.67699125
1758 9.68249892857
1759 9.68800660714
1760 9.69351428571
1761 9.69902196429
1762 9.70452964286
1763 9.71003732143
1764 9.715545
1765 9.72105267857
1766 9.72656035714
1767 9.73206803571
1768 9.73757571429
1769 9.74308339286
1770 9.74859107143
1771 9.75409875
1772 9.75960642857
1773 9.76511410714
1774 9.77062178571
1775 9.77612946429
1776 9.78163714286
1777 9.78714482143
1778 9.7926525
1779 9.79816017857
1780 9.80366785714
1781 9.80917553571
1782 9.81468321429
1783 9.82019089286
1784 9.82569857143
1785 9.83120625
1786 9.83671392857
1787 9.84222160714
1788 9.84772928571
1789 9.85323696429
1790 9.85874464286
1791 9.86425232143
1792 9.86976
1793 9.87526767857
1794 9.88077535714
1795 9.88628303571
1796 9.89179071429
1797 9.89729839286
1798 9.90280607143
1799 9.90831375
1800 9.91382142857
1801 9.91932910714
1802 9.92483678571
1803 9.93034446429
1804 9.93585214286
1805 9.94135982143
1806 9.9468675
1807 9.95237517857
1808 9.95788285714
1809 9.96339053571
1810 9.96889821429
1811 9.97440589286
1812 9.97991357143
1813 9.98542125
1814 9.99092892857
1815 9.99643660714
1816 10.0019442857
1817 10.0074519643
1818 10.0129596429
1819 10.0184673214
1820 10.023975
1821 10.0294826786
1822 10.0349903571
1823 10.0404980357
1824 10.0460057143
1825 10.0515133929
1826 10.0570210714
1827 10.06252875
1828 10.0680364286
1829 10.0735441071
1830 10.0790517857
1831 10.0845594643
1832 10.0900671429
1833 10.0955748214
1834 10.1010825
1835 10.1065901786
1836 10.1120978571
1837 10.1176055357
1838 10.1231132143
1839 10.1286208929
1840 10.1341285714
1841 10.13963625
1842 10.1451439286
1843 10.1506516071
1844 10.1561592857
1845 10.1616669643
1846 10.1671746429
1847 10.1726823214
1848 10.17819
1849 10.1836976786
1850 10.1892053571
1851 10.1947130357
1852 10.2002207143
1853 10.2057283929
1854 10.2112360714
1855 10.21674375
1856 10.2222514286
1857 10.2277591071
1858 10.2332667857
1859 10.2387744643
1860 10.2442821429
1861 10.2497898214
1862 10.2552975
1863 10.2608051786
1864 10.2663128571
1865 10.2718205357
1866 10.2773282143
1867 10.2828358929
1868 10.2883435714
1869 10.29385125
1870 10.2993589286
1871 10.3048666071
1872 10.3103742857
1873 10.3158819643
1874 10.3213896429
1875 10.3268973214
1876 10.332405
1877 10.3379126786
1878 10.3434203571
1879 10.3489280357
1880 10.3544357143
1881 10.3599433929
1882 10.3654510714
1883 10.37095875
1884 10.3764664286
1885 10.3819741071
1886 10.3874817857
1887 10.3929894643
1888 10.3984971429
1889 10.4040048214
1890 10.4095125
1891 10.4150201786
1892 10.4205278571
1893 10.4260355357
1894 10.4315432143
1895 10.4370508929
1896 10.4425585714
1897 10.44806625
1898 10.4535739286
1899 10.4590816071
1900 10.4645892857
1901 10.4700969643
1902 10.4756046429
1903 10.4811123214
1904 10.48662
1905 10.4921276786
1906 10.4976353571
1907 10.5031430357
1908 10.5086507143
1909 10.5141583929
1910 10.5196660714
1911 10.52517375
1912 10.5306814286
1913 10.5361891071
1914 10.5416967857
1915 10.5472044643
1916 10.5527121429
1917 10.5582198214
1918 10.5637275
1919 10.5692351786
1920 10.5747428571
1921 10.5802505357
1922 10.5857582143
1923 10.5912658929
1924 10.5967735714
1925 10.60228125
1926 10.6077889286
1927 10.6132966071
1928 10.6188042857
1929 10.6243119643
1930 10.6298196429
1931 10.6353273214
1932 10.640835
1933 10.6463426786
1934 10.6518503571
1935 10.6573580357
1936 10.6628657143
1937 10.6683733929
1938 10.6738810714
1939 10.67938875
1940 10.6848964286
1941 10.6904041071
1942 10.6959117857
1943 10.7014194643
1944 10.7069271429
1945 10.7124348214
1946 10.7179425
1947 10.7234501786
1948 10.7289578571
1949 10.7344655357
1950 10.7399732143
1951 10.7454808929
1952 10.7509885714
1953 10.75649625
1954 10.7620039286
1955 10.7675116071
1956 10.7730192857
1957 10.7785269643
1958 10.7840346429
1959 10.7895423214
1960 10.79505
1961 10.8005576786
1962 10.8060653571
1963 10.8115730357
1964 10.8170807143
1965 10.8225883929
1966 10.8280960714
1967 10.83360375
1968 10.8391114286
1969 10.8446191071
1970 10.8501267857
1971 10.8556344643
1972 10.8611421429
1973 10.8666498214
1974 10.8721575
1975 10.8776651786
1976 10.8831728571
1977 10.8886805357
1978 10.8941882143
1979 10.8996958929
1980 10.9052035714
1981 10.91071125
1982 10.9162189286
1983 10.9217266071
1984 10.9272342857
1985 10.9327419643
1986 10.9382496429
1987 10.9437573214
1988 10.949265
1989 10.9547726786
1990 10.9602803571
1991 10.9657880357
1992 10.9712957143
1993 10.9768033929
1994 10.9823110714
1995 10.98781875
1996 10.9933264286
1997 10.9988341071
1998 11.0043417857
1999 11.0098494643
2000 11.0153571429
2001 11.0208648214
2002 11.0263725
2003 11.0318801786
2004 11.0373878571
2005 11.0428955357
2006 11.0484032143
2007 11.0539108929
2008 11.0594185714
2009 11.06492625
2010 11.0704339286
2011 11.0759416071
2012 11.0814492857
2013 11.0869569643
2014 11.0924646429
2015 11.0979723214
2016 11.10348
2017 11.1089876786
2018 11.1144953571
2019 11.1200030357
2020 11.1255107143
2021 11.1310183929
2022 11.1365260714
2023 11.14203375
2024 11.1475414286
2025 11.1530491071
2026 11.1585567857
2027 11.1640644643
2028 11.1695721429
2029 11.1750798214
2030 11.1805875
2031 11.1860951786
2032 11.1916028571
2033 11.1971105357
2034 11.2026182143
2035 11.2081258929
2036 11.2136335714
2037 11.21914125
2038 11.2246489286
2039 11.2301566071
2040 11.2356642857
2041 11.2411719643
2042 11.2466796429
2043 11.2521873214
2044 11.257695
2045 11.2632026786
2046 11.2687103571
2047 11.2742180357
2048 11.2797257143
2049 11.2852333929
2050 11.2907410714
2051 11.29624875
2052 11.3017564286
2053 11.3072641071
2054 11.3127717857
2055 11.3182794643
2056 11.3237871429
2057 11.3292948214
2058 11.3348025
2059 11.3403101786
2060 11.3458178571
2061 11.3513255357
2062 11.3568332143
2063 11.3623408929
2064 11.3678485714
2065 11.37335625
2066 11.3788639286
2067 11.3843716071
2068 11.3898792857
2069 11.3953869643
2070 11.4008946429
2071 11.4064023214
2072 11.41191
2073 11.4174176786
2074 11.4229253571
2075 11.4284330357
2076 11.4339407143
2077 11.4394483929
2078 11.4449560714
2079 11.45046375
2080 11.4559714286
2081 11.4614791071
2082 11.4669867857
2083 11.4724944643
2084 11.4780021429
2085 11.4835098214
2086 11.4890175
2087 11.4945251786
2088 11.5000328571
2089 11.5055405357
2090 11.5110482143
2091 11.5165558929
2092 11.5220635714
2093 11.52757125
2094 11.5330789286
2095 11.5385866071
2096 11.5440942857
2097 11.5496019643
2098 11.5551096429
2099 11.5606173214
2100 11.566125
2101 11.5716326786
2102 11.5771403571
2103 11.5826480357
2104 11.5881557143
2105 11.5936633929
2106 11.5991710714
2107 11.60467875
2108 11.6101864286
2109 11.6156941071
2110 11.6212017857
2111 11.6267094643
2112 11.6322171429
2113 11.6377248214
2114 11.6432325
2115 11.6487401786
2116 11.6542478571
2117 11.6597555357
2118 11.6652632143
2119 11.6707708929
2120 11.6762785714
2121 11.68178625
2122 11.6872939286
2123 11.6928016071
2124 11.6983092857
2125 11.7038169643
2126 11.7093246429
2127 11.7148323214
2128 11.72034
2129 11.7258476786
2130 11.7313553571
2131 11.7368630357
2132 11.7423707143
2133 11.7478783929
2134 11.7533860714
2135 11.75889375
2136 11.7644014286
2137 11.7699091071
2138 11.7754167857
2139 11.7809244643
2140 11.7864321429
2141 11.7919398214
2142 11.7974475
2143 11.8029551786
2144 11.8084628571
2145 11.8139705357
2146 11.8194782143
2147 11.8249858929
2148 11.8304935714
2149 11.83600125
2150 11.8415089286
2151 11.8470166071
2152 11.8525242857
2153 11.8580319643
2154 11.8635396429
2155 11.8690473214
2156 11.874555
2157 11.8800626786
2158 11.8855703571
2159 11.8910780357
2160 11.8965857143
2161 11.9020933929
2162 11.9076010714
2163 11.91310875
2164 11.9186164286
2165 11.9241241071
2166 11.9296317857
2167 11.9351394643
2168 11.9406471429
2169 11.9461548214
2170 11.9516625
2171 11.9571701786
2172 11.9626778571
2173 11.9681855357
2174 11.9736932143
2175 11.9792008929
2176 11.9847085714
2177 11.99021625
2178 11.9957239286
2179 12.0012316071
2180 12.0067392857
2181 12.0122469643
2182 12.0177546429
2183 12.0232623214
2184 12.02877
2185 12.0342776786
2186 12.0397853571
2187 12.0452930357
2188 12.0508007143
2189 12.0563083929
2190 12.0618160714
2191 12.06732375
2192 12.0728314286
2193 12.0783391071
2194 12.0838467857
2195 12.0893544643
2196 12.0948621429
2197 12.1003698214
2198 12.1058775
2199 12.1113851786
2200 12.1168928571
2201 12.1224005357
2202 12.1279082143
2203 12.1334158929
2204 12.1389235714
2205 12.14443125
2206 12.1499389286
2207 12.1554466071
2208 12.1609542857
2209 12.1664619643
2210 12.1719696429
2211 12.1774773214
2212 12.182985
2213 12.1884926786
2214 12.1940003571
2215 12.1995080357
2216 12.2050157143
2217 12.2105233929
2218 12.2160310714
2219 12.22153875
2220 12.2270464286
2221 12.2325541071
2222 12.2380617857
2223 12.2435694643
2224 12.2490771429
2225 12.2545848214
2226 12.2600925
2227 12.2656001786
2228 12.2711078571
2229 12.2766155357
2230 12.2821232143
2231 12.2876308929
2232 12.2931385714
2233 12.29864625
2234 12.3041539286
2235 12.3096616071
2236 12.3151692857
2237 12.3206769643
2238 12.3261846429
2239 12.3316923214
2240 12.3372
2241 12.3427076786
2242 12.3482153571
2243 12.3537230357
2244 12.3592307143
2245 12.3647383929
2246 12.3702460714
2247 12.37575375
2248 12.3812614286
2249 12.3867691071
2250 12.3922767857
2251 12.3977844643
2252 12.4032921429
2253 12.4087998214
2254 12.4143075
2255 12.4198151786
2256 12.4253228571
2257 12.4308305357
2258 12.4363382143
2259 12.4418458929
2260 12.4473535714
2261 12.45286125
2262 12.4583689286
2263 12.4638766071
2264 12.4693842857
2265 12.4748919643
2266 12.4803996429
2267 12.4859073214
2268 12.491415
2269 12.4969226786
2270 12.5024303571
2271 12.5079380357
2272 12.5134457143
2273 12.5189533929
2274 12.5244610714
2275 12.52996875
2276 12.5354764286
2277 12.5409841071
2278 12.5464917857
2279 12.5519994643
2280 12.5575071429
2281 12.5630148214
2282 12.5685225
2283 12.5740301786
2284 12.5795378571
2285 12.5850455357
2286 12.5905532143
2287 12.5960608929
2288 12.6015685714
2289 12.60707625
2290 12.6125839286
2291 12.6180916071
2292 12.6235992857
2293 12.6291069643
2294 12.6346146429
2295 12.6401223214
2296 12.64563
2297 12.6511376786
2298 12.6566453571
2299 12.6621530357
2300 12.6676607143
2301 12.6731683929
2302 12.6786760714
2303 12.68418375
2304 12.6896914286
2305 12.6951991071
2306 12.7007067857
2307 12.7062144643
2308 12.7117221429
2309 12.7172298214
2310 12.7227375
2311 12.7282451786
2312 12.7337528571
2313 12.7392605357
2314 12.7447682143
2315 12.7502758929
2316 12.7557835714
2317 12.76129125
2318 12.7667989286
2319 12.7723066071
2320 12.7778142857
2321 12.7833219643
2322 12.7888296429
2323 12.7943373214
2324 12.799845
2325 12.8053526786
2326 12.8108603571
2327 12.8163680357
2328 12.8218757143
2329 12.8273833929
2330 12.8328910714
2331 12.83839875
2332 12.8439064286
2333 12.8494141071
2334 12.8549217857
2335 12.8604294643
2336 12.8659371429
2337 12.8714448214
2338 12.8769525
2339 12.8824601786
2340 12.8879678571
2341 12.8934755357
2342 12.8989832143
2343 12.9044908929
2344 12.9099985714
2345 12.91550625
2346 12.9210139286
2347 12.9265216071
2348 12.9320292857
2349 12.9375369643
2350 12.9430446429
2351 12.9485523214
2352 12.95406
2353 12.9595676786
2354 12.9650753571
2355 12.9705830357
2356 12.9760907143
2357 12.9815983929
2358 12.9871060714
2359 12.99261375
2360 12.9981214286
2361 13.0036291071
2362 13.0091367857
2363 13.0146444643
2364 13.0201521429
2365 13.0256598214
2366 13.0311675
2367 13.0366751786
2368 13.0421828571
2369 13.0476905357
2370 13.0531982143
2371 13.0587058929
2372 13.0642135714
2373 13.06972125
2374 13.0752289286
2375 13.0807366071
2376 13.0862442857
2377 13.0917519643
2378 13.0972596429
2379 13.1027673214
2380 13.108275
2381 13.1137826786
2382 13.1192903571
2383 13.1247980357
2384 13.1303057143
2385 13.1358133929
2386 13.1413210714
2387 13.14682875
2388 13.1523364286
2389 13.1578441071
2390 13.1633517857
2391 13.1688594643
2392 13.1743671429
2393 13.1798748214
2394 13.1853825
2395 13.1908901786
2396 13.1963978571
2397 13.2019055357
2398 13.2074132143
2399 13.2129208929
2400 13.2184285714
2401 13.22393625
2402 13.2294439286
2403 13.2349516071
2404 13.2404592857
2405 13.2459669643
2406 13.2514746429
2407 13.2569823214
2408 13.26249
2409 13.2679976786
2410 13.2735053571
2411 13.2790130357
2412 13.2845207143
2413 13.2900283929
2414 13.2955360714
2415 13.30104375
2416 13.3065514286
2417 13.3120591071
2418 13.3175667857
2419 13.3230744643
2420 13.3285821429
2421 13.3340898214
2422 13.3395975
2423 13.3451051786
2424 13.3506128571
2425 13.3561205357
2426 13.3616282143
2427 13.3671358929
2428 13.3726435714
2429 13.37815125
2430 13.3836589286
2431 13.3891666071
2432 13.3946742857
2433 13.4001819643
2434 13.4056896429
2435 13.4111973214
2436 13.416705
2437 13.4222126786
2438 13.4277203571
2439 13.4332280357
2440 13.4387357143
2441 13.4442433929
2442 13.4497510714
2443 13.45525875
2444 13.4607664286
2445 13.4662741071
2446 13.4717817857
2447 13.4772894643
2448 13.4827971429
2449 13.4883048214
2450 13.4938125
2451 13.4993201786
2452 13.5048278571
2453 13.5103355357
2454 13.5158432143
2455 13.5213508929
2456 13.5268585714
2457 13.53236625
2458 13.5378739286
2459 13.5433816071
2460 13.5488892857
2461 13.5543969643
2462 13.5599046429
2463 13.5654123214
2464 13.57092
2465 13.5764276786
2466 13.5819353571
2467 13.5874430357
2468 13.5929507143
2469 13.5984583929
2470 13.6039660714
2471 13.60947375
2472 13.6149814286
2473 13.6204891071
2474 13.6259967857
2475 13.6315044643
2476 13.6370121429
2477 13.6425198214
2478 13.6480275
2479 13.6535351786
2480 13.6590428571
2481 13.6645505357
2482 13.6700582143
2483 13.6755658929
2484 13.6810735714
2485 13.68658125
2486 13.6920889286
2487 13.6975966071
2488 13.7031042857
2489 13.7086119643
2490 13.7141196429
2491 13.7196273214
2492 13.725135
2493 13.7306426786
2494 13.7361503571
2495 13.7416580357
2496 13.7471657143
2497 13.7526733929
2498 13.7581810714
2499 13.76368875
2500 13.7691964286
2501 13.7747041071
2502 13.7802117857
2503 13.7857194643
2504 13.7912271429
2505 13.7967348214
2506 13.8022425
2507 13.8077501786
2508 13.8132578571
2509 13.8187655357
2510 13.8242732143
2511 13.8297808929
2512 13.8352885714
2513 13.84079625
2514 13.8463039286
2515 13.8518116071
2516 13.8573192857
2517 13.8628269643
2518 13.8683346429
2519 13.8738423214
2520 13.87935
2521 13.8848576786
2522 13.8903653571
2523 13.8958730357
2524 13.9013807143
2525 13.9068883929
2526 13.9123960714
2527 13.91790375
2528 13.9234114286
2529 13.9289191071
2530 13.9344267857
2531 13.9399344643
2532 13.9454421429
2533 13.9509498214
2534 13.9564575
2535 13.9619651786
2536 13.9674728571
2537 13.9729805357
2538 13.9784882143
2539 13.9839958929
2540 13.9895035714
2541 13.99501125
2542 14.0005189286
2543 14.0060266071
2544 14.0115342857
2545 14.0170419643
2546 14.0225496429
2547 14.0280573214
2548 14.033565
2549 14.0390726786
2550 14.0445803571
2551 14.0500880357
2552 14.0555957143
2553 14.0611033929
2554 14.0666110714
2555 14.07211875
2556 14.0776264286
2557 14.0831341071
2558 14.0886417857
2559 14.0941494643
2560 14.0996571429
2561 14.1051648214
2562 14.1106725
2563 14.1161801786
2564 14.1216878571
2565 14.1271955357
2566 14.1327032143
2567 14.1382108929
2568 14.1437185714
2569 14.14922625
2570 14.1547339286
2571 14.1602416071
2572 14.1657492857
2573 14.1712569643
2574 14.1767646429
2575 14.1822723214
2576 14.18778
2577 14.1932876786
2578 14.1987953571
2579 14.2043030357
2580 14.2098107143
2581 14.2153183929
2582 14.2208260714
2583 14.22633375
2584 14.2318414286
2585 14.2373491071
2586 14.2428567857
2587 14.2483644643
2588 14.2538721429
2589 14.2593798214
2590 14.2648875
2591 14.2703951786
2592 14.2759028571
2593 14.2814105357
2594 14.2869182143
2595 14.2924258929
2596 14.2979335714
2597 14.30344125
2598 14.3089489286
2599 14.3144566071
2600 14.3199642857
2601 14.3254719643
2602 14.3309796429
2603 14.3364873214
2604 14.341995
2605 14.3475026786
2606 14.3530103571
2607 14.3585180357
2608 14.3640257143
2609 14.3695333929
2610 14.3750410714
2611 14.38054875
2612 14.3860564286
2613 14.3915641071
2614 14.3970717857
2615 14.4025794643
2616 14.4080871429
2617 14.4135948214
2618 14.4191025
2619 14.4246101786
2620 14.4301178571
2621 14.4356255357
2622 14.4411332143
2623 14.4466408929
2624 14.4521485714
2625 14.45765625
2626 14.4631639286
2627 14.4686716071
2628 14.4741792857
2629 14.4796869643
2630 14.4851946429
2631 14.4907023214
2632 14.49621
2633 14.5017176786
2634 14.5072253571
2635 14.5127330357
2636 14.5182407143
2637 14.5237483929
2638 14.5292560714
2639 14.53476375
2640 14.5402714286
2641 14.5457791071
2642 14.5512867857
2643 14.5567944643
2644 14.5623021429
2645 14.5678098214
2646 14.5733175
2647 14.5788251786
2648 14.5843328571
2649 14.5898405357
2650 14.5953482143
2651 14.6008558929
2652 14.6063635714
2653 14.61187125
2654 14.6173789286
2655 14.6228866071
2656 14.6283942857
2657 14.6339019643
2658 14.6394096429
2659 14.6449173214
2660 14.650425
2661 14.6559326786
2662 14.6614403571
2663 14.6669480357
2664 14.6724557143
2665 14.6779633929
2666 14.6834710714
2667 14.68897875
2668 14.6944864286
2669 14.6999941071
2670 14.7055017857
2671 14.7110094643
2672 14.7165171429
2673 14.7220248214
2674 14.7275325
2675 14.7330401786
2676 14.7385478571
2677 14.7440555357
2678 14.7495632143
2679 14.7550708929
2680 14.7605785714
2681 14.76608625
2682 14.7715939286
2683 14.7771016071
2684 14.7826092857
2685 14.7881169643
2686 14.7936246429
2687 14.7991323214
2688 14.80464
2689 14.8101476786
2690 14.8156553571
2691 14.8211630357
2692 14.8266707143
2693 14.8321783929
2694 14.8376860714
2695 14.84319375
2696 14.8487014286
2697 14.8542091071
2698 14.8597167857
2699 14.8652244643
2700 14.8707321429
2701 14.8762398214
2702 14.8817475
2703 14.8872551786
2704 14.8927628571
2705 14.8982705357
2706 14.9037782143
2707 14.9092858929
2708 14.9147935714
2709 14.92030125
2710 14.9258089286
2711 14.9313166071
2712 14.9368242857
2713 14.9423319643
2714 14.9478396429
2715 14.9533473214
2716 14.958855
2717 14.9643626786
2718 14.9698703571
2719 14.9753780357
2720 14.9808857143
2721 14.9863933929
2722 14.9919010714
2723 14.99740875
2724 15.0029164286
2725 15.0084241071
2726 15.0139317857
2727 15.0194394643
2728 15.0249471429
2729 15.0304548214
2730 15.0359625
2731 15.0414701786
2732 15.0469778571
2733 15.0524855357
2734 15.0579932143
2735 15.0635008929
2736 15.0690085714
2737 15.07451625
2738 15.0800239286
2739 15.0855316071
2740 15.0910392857
2741 15.0965469643
2742 15.1020546429
2743 15.1075623214
2744 15.11307
2745 15.1185776786
2746 15.1240853571
2747 15.1295930357
2748 15.1351007143
2749 15.1406083929
2750 15.1461160714
2751 15.15162375
2752 15.1571314286
2753 15.1626391071
2754 15.1681467857
2755 15.1736544643
2756 15.1791621429
2757 15.1846698214
2758 15.1901775
2759 15.1956851786
2760 15.2011928571
2761 15.2067005357
2762 15.2122082143
2763 15.2177158929
2764 15.2232235714
2765 15.22873125
2766 15.2342389286
2767 15.2397466071
2768 15.2452542857
2769 15.2507619643
2770 15.2562696429
2771 15.2617773214
2772 15.267285
2773 15.2727926786
2774 15.2783003571
2775 15.2838080357
2776 15.2893157143
2777 15.2948233929
2778 15.3003310714
2779 15.30583875
2780 15.3113464286
2781 15.3168541071
2782 15.3223617857
2783 15.3278694643
2784 15.3333771429
2785 15.3388848214
2786 15.3443925
2787 15.3499001786
2788 15.3554078571
2789 15.3609155357
2790 15.3664232143
2791 15.3719308929
2792 15.3774385714
2793 15.38294625
2794 15.3884539286
2795 15.3939616071
2796 15.3994692857
2797 15.4049769643
2798 15.4104846429
2799 15.4159923214
2800 15.4215
2801 15.4270076786
2802 15.4325153571
2803 15.4380230357
2804 15.4435307143
2805 15.4490383929
2806 15.4545460714
2807 15.46005375
2808 15.4655614286
2809 15.4710691071
2810 15.4765767857
2811 15.4820844643
2812 15.4875921429
2813 15.4930998214
2814 15.4986075
2815 15.5041151786
2816 15.5096228571
2817 15.5151305357
2818 15.5206382143
2819 15.5261458929
2820 15.5316535714
2821 15.53716125
2822 15.5426689286
2823 15.5481766071
2824 15.5536842857
2825 15.5591919643
2826 15.5646996429
2827 15.5702073214
2828 15.575715
2829 15.5812226786
2830 15.5867303571
2831 15.5922380357
2832 15.5977457143
2833 15.6032533929
2834 15.6087610714
2835 15.61426875
2836 15.6197764286
2837 15.6252841071
2838 15.6307917857
2839 15.6362994643
2840 15.6418071429
2841 15.6473148214
2842 15.6528225
2843 15.6583301786
2844 15.6638378571
2845 15.6693455357
2846 15.6748532143
2847 15.6803608929
2848 15.6858685714
2849 15.69137625
2850 15.6968839286
2851 15.7023916071
2852 15.7078992857
2853 15.7134069643
2854 15.7189146429
2855 15.7244223214
2856 15.72993
2857 15.7354376786
2858 15.7409453571
2859 15.7464530357
2860 15.7519607143
2861 15.7574683929
2862 15.7629760714
2863 15.76848375
2864 15.7739914286
2865 15.7794991071
2866 15.7850067857
2867 15.7905144643
2868 15.7960221429
2869 15.8015298214
2870 15.8070375
2871 15.8125451786
2872 15.8180528571
2873 15.8235605357
2874 15.8290682143
2875 15.8345758929
2876 15.8400835714
2877 15.84559125
2878 15.8510989286
2879 15.8566066071
2880 15.8621142857
2881 15.8676219643
2882 15.8731296429
2883 15.8786373214
2884 15.884145
2885 15.8896526786
2886 15.8951603571
2887 15.9006680357
2888 15.9061757143
2889 15.9116833929
2890 15.9171910714
2891 15.92269875
2892 15.9282064286
2893 15.9337141071
2894 15.9392217857
2895 15.9447294643
2896 15.9502371429
2897 15.9557448214
2898 15.9612525
2899 15.9667601786
2900 15.9722678571
2901 15.9777755357
2902 15.9832832143
2903 15.9887908929
2904 15.9942985714
2905 15.99980625
2906 16.0053139286
2907 16.0108216071
2908 16.0163292857
2909 16.0218369643
2910 16.0273446429
2911 16.0328523214
2912 16.03836
2913 16.0438676786
2914 16.0493753571
2915 16.0548830357
2916 16.0603907143
2917 16.0658983929
2918 16.0714060714
2919 16.07691375
2920 16.0824214286
2921 16.0879291071
2922 16.0934367857
2923 16.0989444643
2924 16.1044521429
2925 16.1099598214
2926 16.1154675
2927 16.1209751786
2928 16.1264828571
2929 16.1319905357
2930 16.1374982143
2931 16.1430058929
2932 16.1485135714
2933 16.15402125
2934 16.1595289286
2935 16.1650366071
2936 16.1705442857
2937 16.1760519643
2938 16.1815596429
2939 16.1870673214
2940 16.192575
2941 16.1980826786
2942 16.2035903571
2943 16.2090980357
2944 16.2146057143
2945 16.2201133929
2946 16.2256210714
2947 16.23112875
2948 16.2366364286
2949 16.2421441071
2950 16.2476517857
2951 16.2531594643
2952 16.2586671429
2953 16.2641748214
2954 16.2696825
2955 16.2751901786
2956 16.2806978571
2957 16.2862055357
2958 16.2917132143
2959 16.2972208929
2960 16.3027285714
2961 16.30823625
2962 16.3137439286
2963 16.3192516071
2964 16.3247592857
2965 16.3302669643
2966 16.3357746429
2967 16.3412823214
2968 16.34679
2969 16.3522976786
2970 16.3578053571
2971 16.3633130357
2972 16.3688207143
2973 16.3743283929
2974 16.3798360714
2975 16.38534375
2976 16.3908514286
2977 16.3963591071
2978 16.4018667857
2979 16.4073744643
2980 16.4128821429
2981 16.4183898214
2982 16.4238975
2983 16.4294051786
2984 16.4349128571
2985 16.4404205357
2986 16.4459282143
2987 16.4514358929
2988 16.4569435714
2989 16.46245125
2990 16.4679589286
2991 16.4734666071
2992 16.4789742857
2993 16.4844819643
2994 16.4899896429
2995 16.4954973214
2996 16.501005
2997 16.5065126786
2998 16.5120203571
2999 16.5175280357
3000 16.5230357143
3001 16.5285433929
3002 16.5340510714
3003 16.53955875
3004 16.5450664286
3005 16.5505741071
3006 16.5560817857
3007 16.5615894643
3008 16.5670971429
3009 16.5726048214
3010 16.5781125
3011 16.5836201786
3012 16.5891278571
3013 16.5946355357
3014 16.6001432143
3015 16.6056508929
3016 16.6111585714
3017 16.61666625
3018 16.6221739286
3019 16.6276816071
3020 16.6331892857
3021 16.6386969643
3022 16.6442046429
3023 16.6497123214
3024 16.65522
3025 16.6607276786
3026 16.6662353571
3027 16.6717430357
3028 16.6772507143
3029 16.6827583929
3030 16.6882660714
3031 16.69377375
3032 16.6992814286
3033 16.7047891071
3034 16.7102967857
3035 16.7158044643
3036 16.7213121429
3037 16.7268198214
3038 16.7323275
3039 16.7378351786
3040 16.7433428571
3041 16.7488505357
3042 16.7543582143
3043 16.7598658929
3044 16.7653735714
3045 16.77088125
3046 16.7763889286
3047 16.7818966071
3048 16.7874042857
3049 16.7929119643
3050 16.7984196429
3051 16.8039273214
3052 16.809435
3053 16.8149426786
3054 16.8204503571
3055 16.8259580357
3056 16.8314657143
3057 16.8369733929
3058 16.8424810714
3059 16.84798875
3060 16.8534964286
3061 16.8590041071
3062 16.8645117857
3063 16.8700194643
3064 16.8755271429
3065 16.8810348214
3066 16.8865425
3067 16.8920501786
3068 16.8975578571
3069 16.9030655357
3070 16.9085732143
3071 16.9140808929
3072 16.9195885714
3073 16.92509625
3074 16.9306039286
3075 16.9361116071
3076 16.9416192857
3077 16.9471269643
3078 16.9526346429
3079 16.9581423214
3080 16.96365
3081 16.9691576786
3082 16.9746653571
3083 16.9801730357
3084 16.9856807143
3085 16.9911883929
3086 16.9966960714
3087 17.00220375
3088 17.0077114286
3089 17.0132191071
3090 17.0187267857
3091 17.0242344643
3092 17.0297421429
3093 17.0352498214
3094 17.0407575
3095 17.0462651786
3096 17.0517728571
3097 17.0572805357
3098 17.0627882143
3099 17.0682958929
3100 17.0738035714
3101 17.07931125
3102 17.0848189286
3103 17.0903266071
3104 17.0958342857
3105 17.1013419643
3106 17.1068496429
3107 17.1123573214
3108 17.117865
3109 17.1233726786
3110 17.1288803571
3111 17.1343880357
3112 17.1398957143
3113 17.1454033929
3114 17.1509110714
3115 17.15641875
3116 17.1619264286
3117 17.1674341071
3118 17.1729417857
3119 17.1784494643
3120 17.1839571429
3121 17.1894648214
3122 17.1949725
3123 17.2004801786
3124 17.2059878571
3125 17.2114955357
3126 17.2170032143
3127 17.2225108929
3128 17.2280185714
3129 17.23352625
3130 17.2390339286
3131 17.2445416071
3132 17.2500492857
3133 17.2555569643
3134 17.2610646429
3135 17.2665723214
3136 17.27208
3137 17.2775876786
3138 17.2830953571
3139 17.2886030357
3140 17.2941107143
3141 17.2996183929
3142 17.3051260714
3143 17.31063375
3144 17.3161414286
3145 17.3216491071
3146 17.3271567857
3147 17.3326644643
3148 17.3381721429
3149 17.3436798214
3150 17.3491875
3151 17.3546951786
3152 17.3602028571
3153 17.3657105357
3154 17.3712182143
3155 17.3767258929
3156 17.3822335714
3157 17.38774125
3158 17.3932489286
3159 17.3987566071
3160 17.4042642857
3161 17.4097719643
3162 17.4152796429
3163 17.4207873214
3164 17.426295
3165 17.4318026786
3166 17.4373103571
3167 17.4428180357
3168 17.4483257143
3169 17.4538333929
3170 17.4593410714
3171 17.46484875
3172 17.4703564286
3173 17.4758641071
3174 17.4813717857
3175 17.4868794643
3176 17.4923871429
3177 17.4978948214
3178 17.5034025
3179 17.5089101786
3180 17.5144178571
3181 17.5199255357
3182 17.5254332143
3183 17.5309408929
3184 17.5364485714
3185 17.54195625
3186 17.5474639286
3187 17.5529716071
3188 17.5584792857
3189 17.5639869643
3190 17.5694946429
3191 17.5750023214
3192 17.58051
3193 17.5860176786
3194 17.5915253571
3195 17.5970330357
3196 17.6025407143
3197 17.6080483929
3198 17.6135560714
3199 17.61906375
3200 17.6245714286
3201 17.6300791071
3202 17.6355867857
3203 17.6410944643
3204 17.6466021429
3205 17.6521098214
3206 17.6576175
3207 17.6631251786
3208 17.6686328571
3209 17.6741405357
3210 17.6796482143
3211 17.6851558929
3212 17.6906635714
3213 17.69617125
3214 17.7016789286
3215 17.7071866071
3216 17.7126942857
3217 17.7182019643
3218 17.7237096429
3219 17.7292173214
3220 17.734725
3221 17.7402326786
3222 17.7457403571
3223 17.7512480357
3224 17.7567557143
3225 17.7622633929
3226 17.7677710714
3227 17.77327875
3228 17.7787864286
3229 17.7842941071
3230 17.7898017857
3231 17.7953094643
3232 17.8008171429
3233 17.8063248214
3234 17.8118325
3235 17.8173401786
3236 17.8228478571
3237 17.8283555357
3238 17.8338632143
3239 17.8393708929
3240 17.8448785714
3241 17.85038625
3242 17.8558939286
3243 17.8614016071
3244 17.8669092857
3245 17.8724169643
3246 17.8779246429
3247 17.8834323214
3248 17.88894
3249 17.8944476786
3250 17.8999553571
3251 17.9054630357
3252 17.9109707143
3253 17.9164783929
3254 17.9219860714
3255 17.92749375
3256 17.9330014286
3257 17.9385091071
3258 17.9440167857
3259 17.9495244643
3260 17.9550321429
3261 17.9605398214
3262 17.9660475
3263 17.9715551786
3264 17.9770628571
3265 17.9825705357
3266 17.9880782143
3267 17.9935858929
3268 17.9990935714
3269 18.00460125
3270 18.0101089286
3271 18.0156166071
3272 18.0211242857
3273 18.0266319643
3274 18.0321396429
3275 18.0376473214
3276 18.043155
3277 18.0486626786
3278 18.0541703571
3279 18.0596780357
3280 18.0651857143
3281 18.0706933929
3282 18.0762010714
3283 18.08170875
3284 18.0872164286
3285 18.0927241071
3286 18.0982317857
3287 18.1037394643
3288 18.1092471429
3289 18.1147548214
3290 18.1202625
3291 18.1257701786
3292 18.1312778571
3293 18.1367855357
3294 18.1422932143
3295 18.1478008929
3296 18.1533085714
3297 18.15881625
3298 18.1643239286
3299 18.1698316071
3300 18.1753392857
3301 18.1808469643
3302 18.1863546429
3303 18.1918623214
3304 18.19737
3305 18.2028776786
3306 18.2083853571
3307 18.2138930357
3308 18.2194007143
3309 18.2249083929
3310 18.2304160714
3311 18.23592375
3312 18.2414314286
3313 18.2469391071
3314 18.2524467857
3315 18.2579544643
3316 18.2634621429
3317 18.2689698214
3318 18.2744775
3319 18.2799851786
3320 18.2854928571
3321 18.2910005357
3322 18.2965082143
3323 18.3020158929
3324 18.3075235714
3325 18.31303125
3326 18.3185389286
3327 18.3240466071
3328 18.3295542857
3329 18.3350619643
3330 18.3405696429
3331 18.3460773214
3332 18.351585
3333 18.3570926786
3334 18.3626003571
3335 18.3681080357
3336 18.3736157143
3337 18.3791233929
3338 18.3846310714
3339 18.39013875
3340 18.3956464286
3341 18.4011541071
3342 18.4066617857
3343 18.4121694643
3344 18.4176771429
3345 18.4231848214
3346 18.4286925
3347 18.4342001786
3348 18.4397078571
3349 18.4452155357
3350 18.4507232143
3351 18.4562308929
3352 18.4617385714
3353 18.46724625
3354 18.4727539286
3355 18.4782616071
3356 18.4837692857
3357 18.4892769643
3358 18.4947846429
3359 18.5002923214
3360 18.5058
3361 18.5113076786
3362 18.5168153571
3363 18.5223230357
3364 18.5278307143
3365 18.5333383929
3366 18.5388460714
3367 18.54435375
3368 18.5498614286
3369 18.5553691071
3370 18.5608767857
3371 18.5663844643
3372 18.5718921429
3373 18.5773998214
3374 18.5829075
3375 18.5884151786
3376 18.5939228571
3377 18.5994305357
3378 18.6049382143
3379 18.6104458929
3380 18.6159535714
3381 18.62146125
3382 18.6269689286
3383 18.6324766071
3384 18.6379842857
3385 18.6434919643
3386 18.6489996429
3387 18.6545073214
3388 18.660015
3389 18.6655226786
3390 18.6710303571
3391 18.6765380357
3392 18.6820457143
3393 18.6875533929
3394 18.6930610714
3395 18.69856875
3396 18.7040764286
3397 18.7095841071
3398 18.7150917857
3399 18.7205994643
3400 18.7261071429
3401 18.7316148214
3402 18.7371225
3403 18.7426301786
3404 18.7481378571
3405 18.7536455357
3406 18.7591532143
3407 18.7646608929
3408 18.7701685714
3409 18.77567625
3410 18.7811839286
3411 18.7866916071
3412 18.7921992857
3413 18.7977069643
3414 18.8032146429
3415 18.8087223214
3416 18.81423
3417 18.8197376786
3418 18.8252453571
3419 18.8307530357
3420 18.8362607143
3421 18.8417683929
3422 18.8472760714
3423 18.85278375
3424 18.8582914286
3425 18.8637991071
3426 18.8693067857
3427 18.8748144643
3428 18.8803221429
3429 18.8858298214
3430 18.8913375
3431 18.8968451786
3432 18.9023528571
3433 18.9078605357
3434 18.9133682143
3435 18.9188758929
3436 18.9243835714
3437 18.92989125
3438 18.9353989286
3439 18.9409066071
3440 18.9464142857
3441 18.9519219643
3442 18.9574296429
3443 18.9629373214
3444 18.968445
3445 18.9739526786
3446 18.9794603571
3447 18.9849680357
3448 18.9904757143
3449 18.9959833929
3450 19.0014910714
3451 19.00699875
3452 19.0125064286
3453 19.0180141071
3454 19.0235217857
3455 19.0290294643
3456 19.0345371429
3457 19.0400448214
3458 19.0455525
3459 19.0510601786
3460 19.0565678571
3461 19.0620755357
3462 19.0675832143
3463 19.0730908929
3464 19.0785985714
3465 19.08410625
3466 19.0896139286
3467 19.0951216071
3468 19.1006292857
3469 19.1061369643
3470 19.1116446429
3471 19.1171523214
3472 19.12266
3473 19.1281676786
3474 19.1336753571
3475 19.1391830357
3476 19.1446907143
3477 19.1501983929
3478 19.1557060714
3479 19.16121375
3480 19.1667214286
3481 19.1722291071
3482 19.1777367857
3483 19.1832444643
3484 19.1887521429
3485 19.1942598214
3486 19.1997675
3487 19.2052751786
3488 19.2107828571
3489 19.2162905357
3490 19.2217982143
3491 19.2273058929
3492 19.2328135714
3493 19.23832125
3494 19.2438289286
3495 19.2493366071
3496 19.2548442857
3497 19.2603519643
3498 19.2658596429
3499 19.2713673214
3500 19.276875
3501 19.2823826786
3502 19.2878903571
3503 19.2933980357
3504 19.2989057143
3505 19.3044133929
3506 19.3099210714
3507 19.31542875
3508 19.3209364286
3509 19.3264441071
3510 19.3319517857
3511 19.3374594643
3512 19.3429671429
3513 19.3484748214
3514 19.3539825
3515 19.3594901786
3516 19.3649978571
3517 19.3705055357
3518 19.3760132143
3519 19.3815208929
3520 19.3870285714
3521 19.39253625
3522 19.3980439286
3523 19.4035516071
3524 19.4090592857
3525 19.4145669643
3526 19.4200746429
3527 19.4255823214
3528 19.43109
3529 19.4365976786
3530 19.4421053571
3531 19.4476130357
3532 19.4531207143
3533 19.4586283929
3534 19.4641360714
3535 19.46964375
3536 19.4751514286
3537 19.4806591071
3538 19.4861667857
3539 19.4916744643
3540 19.4971821429
3541 19.5026898214
3542 19.5081975
3543 19.5137051786
3544 19.5192128571
3545 19.5247205357
3546 19.5302282143
3547 19.5357358929
3548 19.5412435714
3549 19.54675125
3550 19.5522589286
3551 19.5577666071
3552 19.5632742857
3553 19.5687819643
3554 19.5742896429
3555 19.5797973214
3556 19.585305
3557 19.5908126786
3558 19.5963203571
3559 19.6018280357
3560 19.6073357143
3561 19.6128433929
3562 19.6183510714
3563 19.62385875
3564 19.6293664286
3565 19.6348741071
3566 19.6403817857
3567 19.6458894643
3568 19.6513971429
3569 19.6569048214
3570 19.6624125
3571 19.6679201786
3572 19.6734278571
3573 19.6789355357
3574 19.6844432143
3575 19.6899508929
3576 19.6954585714
3577 19.70096625
3578 19.7064739286
3579 19.7119816071
3580 19.7174892857
3581 19.7229969643
3582 19.7285046429
3583 19.7340123214
3584 19.73952
3585 19.7450276786
3586 19.7505353571
3587 19.7560430357
3588 19.7615507143
3589 19.7670583929
3590 19.7725660714
3591 19.77807375
3592 19.7835814286
3593 19.7890891071
3594 19.7945967857
3595 19.8001044643
3596 19.8056121429
3597 19.8111198214
3598 19.8166275
3599 19.8221351786
3600 19.8276428571
3601 19.8331505357
3602 19.8386582143
3603 19.8441658929
3604 19.8496735714
3605 19.85518125
3606 19.8606889286
3607 19.8661966071
3608 19.8717042857
3609 19.8772119643
3610 19.8827196429
3611 19.8882273214
3612 19.893735
3613 19.8992426786
3614 19.9047503571
3615 19.9102580357
3616 19.9157657143
3617 19.9212733929
3618 19.9267810714
3619 19.93228875
3620 19.9377964286
3621 19.9433041071
3622 19.9488117857
3623 19.9543194643
3624 19.9598271429
3625 19.9653348214
3626 19.9708425
3627 19.9763501786
3628 19.9818578571
3629 19.9873655357
3630 19.9928732143
3631 19.9983808929
3632 20.0038885714
3633 20.00939625
3634 20.0149039286
3635 20.0204116071
3636 20.0259192857
3637 20.0314269643
3638 20.0369346429
3639 20.0424423214
3640 20.04795
3641 20.0534576786
3642 20.0589653571
3643 20.0644730357
3644 20.0699807143
3645 20.0754883929
3646 20.0809960714
3647 20.08650375
3648 20.0920114286
3649 20.0975191071
3650 20.1030267857
3651 20.1085344643
3652 20.1140421429
3653 20.1195498214
3654 20.1250575
3655 20.1305651786
3656 20.1360728571
3657 20.1415805357
3658 20.1470882143
3659 20.1525958929
3660 20.1581035714
3661 20.16361125
3662 20.1691189286
3663 20.1746266071
3664 20.1801342857
3665 20.1856419643
3666 20.1911496429
3667 20.1966573214
3668 20.202165
3669 20.2076726786
3670 20.2131803571
3671 20.2186880357
3672 20.2241957143
3673 20.2297033929
3674 20.2352110714
3675 20.24071875
3676 20.2462264286
3677 20.2517341071
3678 20.2572417857
3679 20.2627494643
3680 20.2682571429
3681 20.2737648214
3682 20.2792725
3683 20.2847801786
3684 20.2902878571
3685 20.2957955357
3686 20.3013032143
3687 20.3068108929
3688 20.3123185714
3689 20.31782625
3690 20.3233339286
3691 20.3288416071
3692 20.3343492857
3693 20.3398569643
3694 20.3453646429
3695 20.3508723214
3696 20.35638
3697 20.3618876786
3698 20.3673953571
3699 20.3729030357
3700 20.3784107143
3701 20.3839183929
3702 20.3894260714
3703 20.39493375
3704 20.4004414286
3705 20.4059491071
3706 20.4114567857
3707 20.4169644643
3708 20.4224721429
3709 20.4279798214
3710 20.4334875
3711 20.4389951786
3712 20.4445028571
3713 20.4500105357
3714 20.4555182143
3715 20.4610258929
3716 20.4665335714
3717 20.47204125
3718 20.4775489286
3719 20.4830566071
3720 20.4885642857
3721 20.4940719643
3722 20.4995796429
3723 20.5050873214
3724 20.510595
3725 20.5161026786
3726 20.5216103571
3727 20.5271180357
3728 20.5326257143
3729 20.5381333929
3730 20.5436410714
3731 20.54914875
3732 20.5546564286
3733 20.5601641071
3734 20.5656717857
3735 20.5711794643
3736 20.5766871429
3737 20.5821948214
3738 20.5877025
3739 20.5932101786
3740 20.5987178571
3741 20.6042255357
3742 20.6097332143
3743 20.6152408929
3744 20.6207485714
3745 20.62625625
3746 20.6317639286
3747 20.6372716071
3748 20.6427792857
3749 20.6482869643
3750 20.6537946429
3751 20.6593023214
3752 20.66481
3753 20.6703176786
3754 20.6758253571
3755 20.6813330357
3756 20.6868407143
3757 20.6923483929
3758 20.6978560714
3759 20.70336375
3760 20.7088714286
3761 20.7143791071
3762 20.7198867857
3763 20.7253944643
3764 20.7309021429
3765 20.7364098214
3766 20.7419175
3767 20.7474251786
3768 20.7529328571
3769 20.7584405357
3770 20.7639482143
3771 20.7694558929
3772 20.7749635714
3773 20.78047125
3774 20.7859789286
3775 20.7914866071
3776 20.7969942857
3777 20.8025019643
3778 20.8080096429
3779 20.8135173214
3780 20.819025
3781 20.8245326786
3782 20.8300403571
3783 20.8355480357
3784 20.8410557143
3785 20.8465633929
3786 20.8520710714
3787 20.85757875
3788 20.8630864286
3789 20.8685941071
3790 20.8741017857
3791 20.8796094643
3792 20.8851171429
3793 20.8906248214
3794 20.8961325
3795 20.9016401786
3796 20.9071478571
3797 20.9126555357
3798 20.9181632143
3799 20.9236708929
3800 20.9291785714
3801 20.93468625
3802 20.9401939286
3803 20.9457016071
3804 20.9512092857
3805 20.9567169643
3806 20.9622246429
3807 20.9677323214
3808 20.97324
3809 20.9787476786
3810 20.9842553571
3811 20.9897630357
3812 20.9952707143
3813 21.0007783929
3814 21.0062860714
3815 21.01179375
3816 21.0173014286
3817 21.0228091071
3818 21.0283167857
3819 21.0338244643
3820 21.0393321429
3821 21.0448398214
3822 21.0503475
3823 21.0558551786
3824 21.0613628571
3825 21.0668705357
3826 21.0723782143
3827 21.0778858929
3828 21.0833935714
3829 21.08890125
3830 21.0944089286
3831 21.0999166071
3832 21.1054242857
3833 21.1109319643
3834 21.1164396429
3835 21.1219473214
3836 21.127455
3837 21.1329626786
3838 21.1384703571
3839 21.1439780357
3840 21.1494857143
3841 21.1549933929
3842 21.1605010714
3843 21.16600875
3844 21.1715164286
3845 21.1770241071
3846 21.1825317857
3847 21.1880394643
3848 21.1935471429
3849 21.1990548214
3850 21.2045625
3851 21.2100701786
3852 21.2155778571
3853 21.2210855357
3854 21.2265932143
3855 21.2321008929
3856 21.2376085714
3857 21.24311625
3858 21.2486239286
3859 21.2541316071
3860 21.2596392857
3861 21.2651469643
3862 21.2706546429
3863 21.2761623214
3864 21.28167
3865 21.2871776786
3866 21.2926853571
3867 21.2981930357
3868 21.3037007143
3869 21.3092083929
3870 21.3147160714
3871 21.32022375
3872 21.3257314286
3873 21.3312391071
3874 21.3367467857
3875 21.3422544643
3876 21.3477621429
3877 21.3532698214
3878 21.3587775
3879 21.3642851786
3880 21.3697928571
3881 21.3753005357
3882 21.3808082143
3883 21.3863158929
3884 21.3918235714
3885 21.39733125
3886 21.4028389286
3887 21.4083466071
3888 21.4138542857
3889 21.4193619643
3890 21.4248696429
3891 21.4303773214
3892 21.435885
3893 21.4413926786
3894 21.4469003571
3895 21.4524080357
3896 21.4579157143
3897 21.4634233929
3898 21.4689310714
3899 21.47443875
3900 21.4799464286
3901 21.4854541071
3902 21.4909617857
3903 21.4964694643
3904 21.5019771429
3905 21.5074848214
3906 21.5129925
3907 21.5185001786
3908 21.5240078571
3909 21.5295155357
3910 21.5350232143
3911 21.5405308929
3912 21.5460385714
3913 21.55154625
3914 21.5570539286
3915 21.5625616071
3916 21.5680692857
3917 21.5735769643
3918 21.5790846429
3919 21.5845923214
3920 21.5901
3921 21.5956076786
3922 21.6011153571
3923 21.6066230357
3924 21.6121307143
3925 21.6176383929
3926 21.6231460714
3927 21.62865375
3928 21.6341614286
3929 21.6396691071
3930 21.6451767857
3931 21.6506844643
3932 21.6561921429
3933 21.6616998214
3934 21.6672075
3935 21.6727151786
3936 21.6782228571
3937 21.6837305357
3938 21.6892382143
3939 21.6947458929
3940 21.7002535714
3941 21.70576125
3942 21.7112689286
3943 21.7167766071
3944 21.7222842857
3945 21.7277919643
3946 21.7332996429
3947 21.7388073214
3948 21.744315
3949 21.7498226786
3950 21.7553303571
3951 21.7608380357
3952 21.7663457143
3953 21.7718533929
3954 21.7773610714
3955 21.78286875
3956 21.7883764286
3957 21.7938841071
3958 21.7993917857
3959 21.8048994643
3960 21.8104071429
3961 21.8159148214
3962 21.8214225
3963 21.8269301786
3964 21.8324378571
3965 21.8379455357
3966 21.8434532143
3967 21.8489608929
3968 21.8544685714
3969 21.85997625
3970 21.8654839286
3971 21.8709916071
3972 21.8764992857
3973 21.8820069643
3974 21.8875146429
3975 21.8930223214
3976 21.89853
3977 21.9040376786
3978 21.9095453571
3979 21.9150530357
3980 21.9205607143
3981 21.9260683929
3982 21.9315760714
3983 21.93708375
3984 21.9425914286
3985 21.9480991071
3986 21.9536067857
3987 21.9591144643
3988 21.9646221429
3989 21.9701298214
3990 21.9756375
3991 21.9811451786
3992 21.9866528571
3993 21.9921605357
3994 21.9976682143
3995 22.0031758929
3996 22.0086835714
3997 22.01419125
3998 22.0196989286
3999 22.0252066071
